7.00 7.00 8.00 8.00
7.00 7.00 8.00 8.00
7.00 7.00 8.00 8.00
7.00 7.00 8.00 8.00
7.00 7.00 8.00 8.00
7.00 7.00 8.00 8.00
7.00 7.00 8.00 8.00
7.00 7.00 8.00 8.00
7.00 7.00 8.00 8.00
7.00 7.00 8.00 8.00
7.00 7.00 8.00 8.00
7.00 7.00 8.00 8.00
7.00 7.00 8.00 8.00
7.00 7.00 8.00 8.00
7.00 7.00 8.00 8.00
7.00 7.00 8.00 8.00
7.00 7.00 8.00 8.00
7.00 7.00 8.00 8.00
7.00 7.00 8.00 8.00
7.00 7.00 8.00 8.00
7.00 7.00 8.00 8.00
7.00 7.00 8.00 8.00
7.00 7.00 8.00 8.00
7.00 7.00 8.00 8.00
7.00 7.00 8.00 8.00
7.00 7.00 8.00 8.00
7.00 7.00 8.00 8.00
7.00 7.00 8.00 8.00
7.00 7.00 8.00 8.00
7.00 7.00 8.00 8.00
7.00 7.00 8.00 8.00
7.00 7.00 8.00 8.00
7.00 7.00 8.00 8.00
7.00 7.00 8.00 8.00
7.00 7.00 8.00 8.00
7.00 7.00 8.00 8.00
7.00 7.00 8.00 8.00
7.00 7.00 8.00 8.00
7.00 7.00 8.00 8.00
7.00 7.00 8.00 8.00
