  0.00000000E+00 -0.11441490E+02
  0.83842878E-02 -0.11441735E+02
  0.16768576E-01 -0.11442469E+02
  0.25152864E-01 -0.11443698E+02
  0.33537151E-01 -0.11445428E+02
  0.41921439E-01 -0.11447668E+02
  0.50305727E-01 -0.11450428E+02
  0.58690015E-01 -0.11453717E+02
  0.67074303E-01 -0.11457542E+02
  0.75458591E-01 -0.11461907E+02
  0.83842878E-01 -0.11466810E+02
  0.92227166E-01 -0.11472243E+02
  0.10061145E+00 -0.11478189E+02
  0.10899574E+00 -0.11484623E+02
  0.11738003E+00 -0.11491512E+02
  0.12576432E+00 -0.11498812E+02
  0.13414861E+00 -0.11506477E+02
  0.14253289E+00 -0.11514450E+02
  0.15091718E+00 -0.11522678E+02
  0.15930147E+00 -0.11531104E+02
  0.16768576E+00 -0.11539677E+02
  0.17607004E+00 -0.11548351E+02
  0.18445433E+00 -0.11557089E+02
  0.19283862E+00 -0.11565864E+02
  0.20122291E+00 -0.11574662E+02
  0.20960720E+00 -0.11583476E+02
  0.21799148E+00 -0.11592313E+02
  0.22637577E+00 -0.11601186E+02
  0.23476006E+00 -0.11610114E+02
  0.24314435E+00 -0.11619121E+02
  0.25152864E+00 -0.11628228E+02
  0.25991292E+00 -0.11637457E+02
  0.26829721E+00 -0.11646821E+02
  0.27668150E+00 -0.11656326E+02
  0.28506579E+00 -0.11665964E+02
  0.29345007E+00 -0.11675719E+02
  0.30183436E+00 -0.11685559E+02
  0.31021865E+00 -0.11695439E+02
  0.31860294E+00 -0.11705301E+02
  0.32698723E+00 -0.11715078E+02
  0.33537151E+00 -0.11724692E+02
  0.34375580E+00 -0.11734060E+02
  0.35214009E+00 -0.11743096E+02
  0.36052438E+00 -0.11751717E+02
  0.36890866E+00 -0.11759842E+02
  0.37729295E+00 -0.11767400E+02
  0.38567724E+00 -0.11774330E+02
  0.39406153E+00 -0.11780584E+02
  0.40244582E+00 -0.11786132E+02
  0.41083010E+00 -0.11790959E+02
  0.41921439E+00 -0.11795065E+02
  0.42759868E+00 -0.11798467E+02
  0.43598297E+00 -0.11801198E+02
  0.44436726E+00 -0.11803301E+02
  0.45275154E+00 -0.11804831E+02
  0.46113583E+00 -0.11805849E+02
  0.46952012E+00 -0.11806421E+02
  0.47790441E+00 -0.11806618E+02
  0.48628869E+00 -0.11806507E+02
  0.49467298E+00 -0.11806157E+02
  0.50305727E+00 -0.11805631E+02
  0.51144156E+00 -0.11804990E+02
  0.51982585E+00 -0.11804288E+02
  0.52821013E+00 -0.11803574E+02
  0.53659442E+00 -0.11802893E+02
  0.54497871E+00 -0.11802283E+02
  0.55336300E+00 -0.11801777E+02
  0.56174729E+00 -0.11801407E+02
  0.57013157E+00 -0.11801196E+02
  0.57851586E+00 -0.11801167E+02
  0.58690015E+00 -0.11801335E+02
  0.59528444E+00 -0.11801716E+02
  0.60366872E+00 -0.11802318E+02
  0.61205301E+00 -0.11803145E+02
  0.62043730E+00 -0.11804197E+02
  0.62882159E+00 -0.11805469E+02
  0.63720588E+00 -0.11806947E+02
  0.64559016E+00 -0.11808613E+02
  0.65397445E+00 -0.11810443E+02
  0.66235874E+00 -0.11812405E+02
  0.67074303E+00 -0.11814461E+02
  0.67912732E+00 -0.11816569E+02
  0.68751160E+00 -0.11818681E+02
  0.69589589E+00 -0.11820747E+02
  0.70428018E+00 -0.11822715E+02
  0.71266447E+00 -0.11824534E+02
  0.72104875E+00 -0.11826156E+02
  0.72943304E+00 -0.11827537E+02
  0.73781733E+00 -0.11828640E+02
  0.74620162E+00 -0.11829439E+02
  0.75458591E+00 -0.11829917E+02
  0.76297019E+00 -0.11830067E+02
  0.77135448E+00 -0.11829897E+02
  0.77973877E+00 -0.11829426E+02
  0.78812306E+00 -0.11828684E+02
  0.79650734E+00 -0.11827711E+02
  0.80489163E+00 -0.11826553E+02
  0.81327592E+00 -0.11825263E+02
  0.82166021E+00 -0.11823894E+02
  0.83004450E+00 -0.11822500E+02
  0.83845176E+00 -0.11821129E+02
  0.84685902E+00 -0.11820534E+02
  0.85526628E+00 -0.11819737E+02
  0.86367354E+00 -0.11818742E+02
  0.87208080E+00 -0.11817547E+02
  0.88048807E+00 -0.11816136E+02
  0.88889533E+00 -0.11814488E+02
  0.89730259E+00 -0.11812576E+02
  0.90570985E+00 -0.11810375E+02
  0.91411711E+00 -0.11807860E+02
  0.92252437E+00 -0.11805011E+02
  0.93093163E+00 -0.11801815E+02
  0.93933890E+00 -0.11798267E+02
  0.94774616E+00 -0.11794368E+02
  0.95615342E+00 -0.11790127E+02
  0.96456068E+00 -0.11785558E+02
  0.97296794E+00 -0.11780678E+02
  0.98137520E+00 -0.11775503E+02
  0.98978247E+00 -0.11770053E+02
  0.99818973E+00 -0.11764342E+02
  0.10065970E+01 -0.11758381E+02
  0.10150043E+01 -0.11752178E+02
  0.10234115E+01 -0.11745738E+02
  0.10318188E+01 -0.11739060E+02
  0.10402260E+01 -0.11732140E+02
  0.10486333E+01 -0.11724973E+02
  0.10570406E+01 -0.11717552E+02
  0.10654478E+01 -0.11709868E+02
  0.10738551E+01 -0.11701915E+02
  0.10822623E+01 -0.11693685E+02
  0.10906696E+01 -0.11685172E+02
  0.10990769E+01 -0.11676371E+02
  0.11074841E+01 -0.11667279E+02
  0.11158914E+01 -0.11657894E+02
  0.11242987E+01 -0.11648217E+02
  0.11327059E+01 -0.11638252E+02
  0.11411132E+01 -0.11628008E+02
  0.11495204E+01 -0.11617498E+02
  0.11579277E+01 -0.11606741E+02
  0.11663350E+01 -0.11595765E+02
  0.11747422E+01 -0.11584606E+02
  0.11831495E+01 -0.11573310E+02
  0.11915567E+01 -0.11561933E+02
  0.11999640E+01 -0.11550538E+02
  0.12083713E+01 -0.11539197E+02
  0.12167785E+01 -0.11527989E+02
  0.12251858E+01 -0.11516992E+02
  0.12335931E+01 -0.11506287E+02
  0.12420003E+01 -0.11495948E+02
  0.12504076E+01 -0.11486044E+02
  0.12588148E+01 -0.11476632E+02
  0.12672221E+01 -0.11467752E+02
  0.12756294E+01 -0.11459432E+02
  0.12840366E+01 -0.11451683E+02
  0.12924439E+01 -0.11444496E+02
  0.13008511E+01 -0.11437851E+02
  0.13092584E+01 -0.11431711E+02
  0.13176657E+01 -0.11426032E+02
  0.13260729E+01 -0.11420762E+02
  0.13344802E+01 -0.11415847E+02
  0.13428875E+01 -0.11411234E+02
  0.13512947E+01 -0.11406876E+02
  0.13597020E+01 -0.11402732E+02
  0.13681092E+01 -0.11398774E+02
  0.13765165E+01 -0.11394982E+02
  0.13849238E+01 -0.11391349E+02
  0.13933310E+01 -0.11387875E+02
  0.14017383E+01 -0.11384572E+02
  0.14101455E+01 -0.11381453E+02
  0.14185528E+01 -0.11378537E+02
  0.14269601E+01 -0.11375838E+02
  0.14353673E+01 -0.11373373E+02
  0.14437746E+01 -0.11371148E+02
  0.14521819E+01 -0.11369167E+02
  0.14605891E+01 -0.11367428E+02
  0.14689964E+01 -0.11365921E+02
  0.14774036E+01 -0.11364635E+02
  0.14858109E+01 -0.11363553E+02
  0.14942182E+01 -0.11362659E+02
  0.15026254E+01 -0.11361937E+02
  0.15110327E+01 -0.11361372E+02
  0.15194399E+01 -0.11360953E+02
  0.15278472E+01 -0.11360671E+02
  0.15362381E+01 -0.11360525E+02
  0.15446291E+01 -0.11360601E+02
  0.15530200E+01 -0.11360829E+02
  0.15614109E+01 -0.11361214E+02
  0.15698019E+01 -0.11361759E+02
  0.15781928E+01 -0.11362467E+02
  0.15865837E+01 -0.11363340E+02
  0.15949747E+01 -0.11364380E+02
  0.16033656E+01 -0.11365589E+02
  0.16117565E+01 -0.11366969E+02
  0.16201475E+01 -0.11368525E+02
  0.16285384E+01 -0.11370259E+02
  0.16369294E+01 -0.11372178E+02
  0.16453203E+01 -0.11374287E+02
  0.16537112E+01 -0.11376594E+02
  0.16621022E+01 -0.11379105E+02
  0.16704931E+01 -0.11381827E+02
  0.16788840E+01 -0.11384764E+02
  0.16872750E+01 -0.11387919E+02
  0.16956659E+01 -0.11391290E+02
  0.17040568E+01 -0.11394872E+02
  0.17124478E+01 -0.11398655E+02
  0.17208387E+01 -0.11402623E+02
  0.17292296E+01 -0.11406757E+02
  0.17376206E+01 -0.11411033E+02
  0.17460115E+01 -0.11415426E+02
  0.17544024E+01 -0.11419908E+02
  0.17627934E+01 -0.11424454E+02
  0.17711843E+01 -0.11429044E+02
  0.17795752E+01 -0.11433658E+02
  0.17879662E+01 -0.11438287E+02
  0.17963571E+01 -0.11442927E+02
  0.18047480E+01 -0.11447583E+02
  0.18131390E+01 -0.11452266E+02
  0.18215299E+01 -0.11456996E+02
  0.18299208E+01 -0.11461794E+02
  0.18383118E+01 -0.11466686E+02
  0.18467027E+01 -0.11471696E+02
  0.18550936E+01 -0.11476845E+02
  0.18634846E+01 -0.11482148E+02
  0.18718755E+01 -0.11487611E+02
  0.18802664E+01 -0.11493229E+02
  0.18886574E+01 -0.11498989E+02
  0.18970483E+01 -0.11504863E+02
  0.19054392E+01 -0.11510815E+02
  0.19138302E+01 -0.11516804E+02
  0.19222211E+01 -0.11522779E+02
  0.19306121E+01 -0.11528694E+02
  0.19390030E+01 -0.11534501E+02
  0.19473939E+01 -0.11540158E+02
  0.19557849E+01 -0.11545630E+02
  0.19641758E+01 -0.11550893E+02
  0.19725667E+01 -0.11555929E+02
  0.19809577E+01 -0.11560729E+02
  0.19893486E+01 -0.11565291E+02
  0.19977395E+01 -0.11569616E+02
  0.20061305E+01 -0.11573707E+02
  0.20145214E+01 -0.11577562E+02
  0.20229123E+01 -0.11581179E+02
  0.20313033E+01 -0.11584545E+02
  0.20396942E+01 -0.11587642E+02
  0.20480851E+01 -0.11590445E+02
  0.20564761E+01 -0.11592925E+02
  0.20648670E+01 -0.11595052E+02
  0.20732579E+01 -0.11596797E+02
  0.20816489E+01 -0.11598136E+02
  0.20900398E+01 -0.11599056E+02
  0.20984307E+01 -0.11599554E+02
  0.21068217E+01 -0.11599637E+02
  0.21152126E+01 -0.11599325E+02
  0.21236035E+01 -0.11598647E+02
  0.21319945E+01 -0.11597636E+02
  0.21403854E+01 -0.11596327E+02
  0.21487763E+01 -0.11594755E+02
  0.21571673E+01 -0.11592946E+02
  0.21655582E+01 -0.11590918E+02
  0.21739491E+01 -0.11588681E+02
  0.21823401E+01 -0.11586230E+02
  0.21907310E+01 -0.11583554E+02
  0.21991219E+01 -0.11580634E+02
  0.22075129E+01 -0.11577451E+02
  0.22159038E+01 -0.11573987E+02
  0.22242948E+01 -0.11570231E+02
  0.22326857E+01 -0.11566187E+02
  0.22410766E+01 -0.11561874E+02
  0.22494676E+01 -0.11557328E+02
  0.22578585E+01 -0.11552602E+02
  0.22662494E+01 -0.11547764E+02
  0.22746404E+01 -0.11542890E+02
  0.22830313E+01 -0.11538060E+02
  0.22914222E+01 -0.11533348E+02
  0.22998132E+01 -0.11528820E+02
  0.23082041E+01 -0.11524524E+02
  0.23165950E+01 -0.11520487E+02
  0.23249860E+01 -0.11516716E+02
  0.23333769E+01 -0.11513197E+02
  0.23417678E+01 -0.11509897E+02
  0.23501588E+01 -0.11506771E+02
  0.23585497E+01 -0.11503765E+02
  0.23669406E+01 -0.11500824E+02
  0.23753316E+01 -0.11497896E+02
  0.23837225E+01 -0.11494940E+02
  0.23921134E+01 -0.11491929E+02
  0.24005044E+01 -0.11488851E+02
  0.24088953E+01 -0.11485715E+02
  0.24172862E+01 -0.11482546E+02
  0.24256772E+01 -0.11479384E+02
  0.24340681E+01 -0.11476282E+02
  0.24424590E+01 -0.11473293E+02
  0.24508500E+01 -0.11470474E+02
  0.24592409E+01 -0.11467870E+02
  0.24676318E+01 -0.11465513E+02
  0.24760228E+01 -0.11463419E+02
  0.24844137E+01 -0.11461584E+02
  0.24928046E+01 -0.11459984E+02
  0.25011956E+01 -0.11458581E+02
  0.25095865E+01 -0.11457322E+02
  0.25179775E+01 -0.11456150E+02
  0.25263684E+01 -0.11455008E+02
  0.25347593E+01 -0.11453844E+02
  0.25431503E+01 -0.11452619E+02
  0.25515412E+01 -0.11451312E+02
  0.25599321E+01 -0.11449923E+02
  0.25683231E+01 -0.11448473E+02
  0.25767140E+01 -0.11447004E+02
  0.25851049E+01 -0.11445575E+02
  0.25934959E+01 -0.11444259E+02
  0.26018868E+01 -0.11443129E+02
  0.26102777E+01 -0.11442257E+02
  0.26186687E+01 -0.11441698E+02
  0.26270759E+01 -0.11441490E+02
  0.26354832E+01 -0.11441615E+02
  0.26438904E+01 -0.11441874E+02
  0.26522977E+01 -0.11442173E+02
  0.26607050E+01 -0.11442366E+02
  0.26691122E+01 -0.11442279E+02
  0.26775195E+01 -0.11441722E+02
  0.26859268E+01 -0.11440517E+02
  0.26943340E+01 -0.11438516E+02
  0.27027413E+01 -0.11435614E+02
  0.27111485E+01 -0.11431761E+02
  0.27195558E+01 -0.11426964E+02
  0.27279631E+01 -0.11421285E+02
  0.27363703E+01 -0.11414833E+02
  0.27447776E+01 -0.11407749E+02
  0.27531848E+01 -0.11400194E+02
  0.27615921E+01 -0.11392332E+02
  0.27699994E+01 -0.11384314E+02
  0.27784066E+01 -0.11376265E+02
  0.27868139E+01 -0.11368275E+02
  0.27952212E+01 -0.11360394E+02
  0.28036284E+01 -0.11352628E+02
  0.28120357E+01 -0.11344942E+02
  0.28204429E+01 -0.11337269E+02
  0.28288502E+01 -0.11329516E+02
  0.28372575E+01 -0.11321576E+02
  0.28456647E+01 -0.11313340E+02
  0.28540720E+01 -0.11304710E+02
  0.28624792E+01 -0.11295606E+02
  0.28708865E+01 -0.11285975E+02
  0.28792938E+01 -0.11275792E+02
  0.28877010E+01 -0.11265067E+02
  0.28961083E+01 -0.11253837E+02
  0.29045156E+01 -0.11242164E+02
  0.29129228E+01 -0.11230126E+02
  0.29213301E+01 -0.11217811E+02
  0.29297373E+01 -0.11205307E+02
  0.29381446E+01 -0.11192696E+02
  0.29465519E+01 -0.11180049E+02
  0.29549591E+01 -0.11167418E+02
  0.29633664E+01 -0.11154841E+02
  0.29717736E+01 -0.11142337E+02
  0.29801809E+01 -0.11129909E+02
  0.29885882E+01 -0.11117551E+02
  0.29969954E+01 -0.11105248E+02
  0.30054027E+01 -0.11092984E+02
  0.30138100E+01 -0.11080744E+02
  0.30222172E+01 -0.11068519E+02
  0.30306245E+01 -0.11056309E+02
  0.30390317E+01 -0.11044124E+02
  0.30474390E+01 -0.11031981E+02
  0.30558463E+01 -0.11019907E+02
  0.30642535E+01 -0.11007934E+02
  0.30726608E+01 -0.10996098E+02
  0.30810680E+01 -0.10984433E+02
  0.30894753E+01 -0.10972973E+02
  0.30978826E+01 -0.10961744E+02
  0.31062898E+01 -0.10950768E+02
  0.31146971E+01 -0.10940059E+02
  0.31231044E+01 -0.10929626E+02
  0.31315116E+01 -0.10919474E+02
  0.31399189E+01 -0.10909604E+02
  0.31483261E+01 -0.10900019E+02
  0.31567334E+01 -0.10890723E+02
  0.31651407E+01 -0.10881724E+02
  0.31735479E+01 -0.10873035E+02
  0.31819552E+01 -0.10864675E+02
  0.31903624E+01 -0.10856668E+02
  0.31987697E+01 -0.10849043E+02
  0.32071770E+01 -0.10841830E+02
  0.32155842E+01 -0.10835061E+02
  0.32239915E+01 -0.10828765E+02
  0.32323988E+01 -0.10822968E+02
  0.32408060E+01 -0.10817688E+02
  0.32492133E+01 -0.10812939E+02
  0.32576205E+01 -0.10808725E+02
  0.32660278E+01 -0.10805045E+02
  0.32744351E+01 -0.10801891E+02
  0.32828423E+01 -0.10799252E+02
  0.32912496E+01 -0.10797111E+02
  0.32996568E+01 -0.10795455E+02
  0.33080641E+01 -0.10794271E+02
  0.33164714E+01 -0.10793547E+02
  0.33248557E+01 -0.10793278E+02
  0.33332399E+01 -0.10793340E+02
  0.33416242E+01 -0.10793879E+02
  0.33500085E+01 -0.10794894E+02
  0.33583928E+01 -0.10796385E+02
  0.33667771E+01 -0.10798350E+02
  0.33751614E+01 -0.10800786E+02
  0.33835457E+01 -0.10803689E+02
  0.33919300E+01 -0.10807055E+02
  0.34003143E+01 -0.10810878E+02
  0.34086985E+01 -0.10815154E+02
  0.34170828E+01 -0.10819876E+02
  0.34254671E+01 -0.10825038E+02
  0.34338514E+01 -0.10830632E+02
  0.34422357E+01 -0.10836650E+02
  0.34506200E+01 -0.10843080E+02
  0.34590043E+01 -0.10849914E+02
  0.34673886E+01 -0.10857138E+02
  0.34757728E+01 -0.10864742E+02
  0.34841571E+01 -0.10872713E+02
  0.34925414E+01 -0.10881039E+02
  0.35009257E+01 -0.10889708E+02
  0.35093100E+01 -0.10898709E+02
  0.35176943E+01 -0.10908027E+02
  0.35260786E+01 -0.10917651E+02
  0.35344629E+01 -0.10927567E+02
  0.35428471E+01 -0.10937758E+02
  0.35512314E+01 -0.10948209E+02
  0.35596157E+01 -0.10958901E+02
  0.35680000E+01 -0.10969814E+02
  0.35763843E+01 -0.10980928E+02
  0.35847686E+01 -0.10992219E+02
  0.35931529E+01 -0.11003666E+02
  0.36015372E+01 -0.11015243E+02
  0.36099214E+01 -0.11026926E+02
  0.36183057E+01 -0.11038691E+02
  0.36266900E+01 -0.11050512E+02
  0.36350743E+01 -0.11062363E+02
  0.36434586E+01 -0.11074220E+02
  0.36518429E+01 -0.11086055E+02
  0.36602272E+01 -0.11097845E+02
  0.36686115E+01 -0.11109564E+02
  0.36769957E+01 -0.11121190E+02
  0.36853800E+01 -0.11132701E+02
  0.36937643E+01 -0.11144077E+02
  0.37021486E+01 -0.11155301E+02
  0.37105329E+01 -0.11166357E+02
  0.37189172E+01 -0.11177234E+02
  0.37273015E+01 -0.11187919E+02
  0.37356858E+01 -0.11198402E+02
  0.37440701E+01 -0.11208674E+02
  0.37524543E+01 -0.11218725E+02
  0.37608386E+01 -0.11228543E+02
  0.37692229E+01 -0.11238117E+02
  0.37776072E+01 -0.11247433E+02
  0.37859915E+01 -0.11256474E+02
  0.37943758E+01 -0.11265224E+02
  0.38027601E+01 -0.11273665E+02
  0.38111444E+01 -0.11281778E+02
  0.38195286E+01 -0.11289547E+02
  0.38279129E+01 -0.11296955E+02
  0.38362972E+01 -0.11303989E+02
  0.38446815E+01 -0.11310637E+02
  0.38530658E+01 -0.11316891E+02
  0.38614501E+01 -0.11322746E+02
  0.38698344E+01 -0.11328202E+02
  0.38782187E+01 -0.11333261E+02
  0.38866029E+01 -0.11337928E+02
  0.38949872E+01 -0.11342211E+02
  0.39033715E+01 -0.11346123E+02
  0.39117558E+01 -0.11349675E+02
  0.39201401E+01 -0.11352882E+02
  0.39285244E+01 -0.11355758E+02
  0.39369087E+01 -0.11358320E+02
  0.39452930E+01 -0.11360582E+02
  0.39536772E+01 -0.11362559E+02
  0.39620615E+01 -0.11364263E+02
  0.39704458E+01 -0.11365708E+02
  0.39788301E+01 -0.11366904E+02
  0.39872144E+01 -0.11367862E+02
  0.39955987E+01 -0.11368590E+02
  0.40039830E+01 -0.11369099E+02
  0.40123673E+01 -0.11369398E+02
  0.40207516E+01 -0.11369498E+02
  0.40291358E+01 -0.11369412E+02
  0.40375201E+01 -0.11369154E+02
  0.40459044E+01 -0.11368741E+02
  0.40542887E+01 -0.11368193E+02
  0.40626730E+01 -0.11367533E+02
  0.40710573E+01 -0.11366785E+02
  0.40794416E+01 -0.11365978E+02
  0.40878259E+01 -0.11365138E+02
  0.40962101E+01 -0.11364296E+02
  0.41045944E+01 -0.11363481E+02
  0.41129787E+01 -0.11362721E+02
  0.41213630E+01 -0.11362042E+02
  0.41297473E+01 -0.11361467E+02
  0.41381316E+01 -0.11361015E+02
  0.41465159E+01 -0.11360702E+02
  0.41549002E+01 -0.11360537E+02
  0.41632844E+01 -0.11360525E+02
  
  0.00000000E+00 -0.10393196E+02
  0.83842878E-02 -0.10392960E+02
  0.16768576E-01 -0.10392267E+02
  0.25152864E-01 -0.10391119E+02
  0.33537151E-01 -0.10389519E+02
  0.41921439E-01 -0.10387470E+02
  0.50305727E-01 -0.10384974E+02
  0.58690015E-01 -0.10382036E+02
  0.67074303E-01 -0.10378658E+02
  0.75458591E-01 -0.10374842E+02
  0.83842878E-01 -0.10370590E+02
  0.92227166E-01 -0.10365904E+02
  0.10061145E+00 -0.10360783E+02
  0.10899574E+00 -0.10355229E+02
  0.11738003E+00 -0.10349239E+02
  0.12576432E+00 -0.10342813E+02
  0.13414861E+00 -0.10335951E+02
  0.14253289E+00 -0.10328649E+02
  0.15091718E+00 -0.10320907E+02
  0.15930147E+00 -0.10312723E+02
  0.16768576E+00 -0.10304097E+02
  0.17607004E+00 -0.10295029E+02
  0.18445433E+00 -0.10285517E+02
  0.19283862E+00 -0.10275563E+02
  0.20122291E+00 -0.10265167E+02
  0.20960720E+00 -0.10254330E+02
  0.21799148E+00 -0.10243054E+02
  0.22637577E+00 -0.10231341E+02
  0.23476006E+00 -0.10219191E+02
  0.24314435E+00 -0.10206606E+02
  0.25152864E+00 -0.10193588E+02
  0.25991292E+00 -0.10180138E+02
  0.26829721E+00 -0.10166255E+02
  0.27668150E+00 -0.10151941E+02
  0.28506579E+00 -0.10137195E+02
  0.29345007E+00 -0.10122016E+02
  0.30183436E+00 -0.10106405E+02
  0.31021865E+00 -0.10090361E+02
  0.31860294E+00 -0.10073882E+02
  0.32698723E+00 -0.10056969E+02
  0.33537151E+00 -0.10039621E+02
  0.34375580E+00 -0.10021838E+02
  0.35214009E+00 -0.10003621E+02
  0.36052438E+00 -0.99849705E+01
  0.36890866E+00 -0.99658880E+01
  0.37729295E+00 -0.99463755E+01
  0.38567724E+00 -0.99264353E+01
  0.39406153E+00 -0.99060698E+01
  0.40244582E+00 -0.98852819E+01
  0.41083010E+00 -0.98640742E+01
  0.41921439E+00 -0.98424492E+01
  0.42759868E+00 -0.98204092E+01
  0.43598297E+00 -0.97979559E+01
  0.44436726E+00 -0.97750908E+01
  0.45275154E+00 -0.97518144E+01
  0.46113583E+00 -0.97281269E+01
  0.46952012E+00 -0.97040277E+01
  0.47790441E+00 -0.96795160E+01
  0.48628869E+00 -0.96545904E+01
  0.49467298E+00 -0.96292493E+01
  0.50305727E+00 -0.96034911E+01
  0.51144156E+00 -0.95773142E+01
  0.51982585E+00 -0.95507172E+01
  0.52821013E+00 -0.95236994E+01
  0.53659442E+00 -0.94962605E+01
  0.54497871E+00 -0.94684006E+01
  0.55336300E+00 -0.94401209E+01
  0.56174729E+00 -0.94114228E+01
  0.57013157E+00 -0.93823087E+01
  0.57851586E+00 -0.93527814E+01
  0.58690015E+00 -0.93228439E+01
  0.59528444E+00 -0.92924997E+01
  0.60366872E+00 -0.92617524E+01
  0.61205301E+00 -0.92306051E+01
  0.62043730E+00 -0.91990610E+01
  0.62882159E+00 -0.91671228E+01
  0.63720588E+00 -0.91347927E+01
  0.64559016E+00 -0.91020723E+01
  0.65397445E+00 -0.90689626E+01
  0.66235874E+00 -0.90354643E+01
  0.67074303E+00 -0.90015777E+01
  0.67912732E+00 -0.89673028E+01
  0.68751160E+00 -0.89326396E+01
  0.69589589E+00 -0.88975885E+01
  0.70428018E+00 -0.88621503E+01
  0.71266447E+00 -0.88263267E+01
  0.72104875E+00 -0.87901202E+01
  0.72943304E+00 -0.87535348E+01
  0.73781733E+00 -0.87165761E+01
  0.74620162E+00 -0.86792517E+01
  0.75458591E+00 -0.86415719E+01
  0.76297019E+00 -0.86035504E+01
  0.77135448E+00 -0.85652067E+01
  0.77973877E+00 -0.85265686E+01
  0.78812306E+00 -0.84876792E+01
  0.79650734E+00 -0.84486110E+01
  0.80489163E+00 -0.84095005E+01
  0.81327592E+00 -0.83706454E+01
  0.82166021E+00 -0.83328423E+01
  0.83004450E+00 -0.82989581E+01
  0.83845176E+00 -0.82817839E+01
  0.84685902E+00 -0.82815615E+01
  0.85526628E+00 -0.82809333E+01
  0.86367354E+00 -0.82798983E+01
  0.87208080E+00 -0.82784541E+01
  0.88048807E+00 -0.82765968E+01
  0.88889533E+00 -0.82743215E+01
  0.89730259E+00 -0.82716226E+01
  0.90570985E+00 -0.82684943E+01
  0.91411711E+00 -0.82649312E+01
  0.92252437E+00 -0.82609287E+01
  0.93093163E+00 -0.82564832E+01
  0.93933890E+00 -0.82515928E+01
  0.94774616E+00 -0.82462572E+01
  0.95615342E+00 -0.82404781E+01
  0.96456068E+00 -0.82342588E+01
  0.97296794E+00 -0.82276042E+01
  0.98137520E+00 -0.82205204E+01
  0.98978247E+00 -0.82130141E+01
  0.99818973E+00 -0.82050921E+01
  0.10065970E+01 -0.81967606E+01
  0.10150043E+01 -0.81880247E+01
  0.10234115E+01 -0.81788883E+01
  0.10318188E+01 -0.81693678E+01
  0.10402260E+01 -0.81657794E+01
  0.10486333E+01 -0.81630325E+01
  0.10570406E+01 -0.81601992E+01
  0.10654478E+01 -0.81572814E+01
  0.10738551E+01 -0.81542824E+01
  0.10822623E+01 -0.81512055E+01
  0.10906696E+01 -0.81480548E+01
  0.10990769E+01 -0.81448347E+01
  0.11074841E+01 -0.81415501E+01
  0.11158914E+01 -0.81382061E+01
  0.11242987E+01 -0.81348082E+01
  0.11327059E+01 -0.81313621E+01
  0.11411132E+01 -0.81278737E+01
  0.11495204E+01 -0.81243490E+01
  0.11579277E+01 -0.81207939E+01
  0.11663350E+01 -0.81172144E+01
  0.11747422E+01 -0.81136162E+01
  0.11831495E+01 -0.81100050E+01
  0.11915567E+01 -0.81063861E+01
  0.11999640E+01 -0.81027650E+01
  0.12083713E+01 -0.80991465E+01
  0.12167785E+01 -0.80955357E+01
  0.12251858E+01 -0.80919372E+01
  0.12335931E+01 -0.80883557E+01
  0.12420003E+01 -0.80847956E+01
  0.12504076E+01 -0.80812614E+01
  0.12588148E+01 -0.80777574E+01
  0.12672221E+01 -0.80742881E+01
  0.12756294E+01 -0.80708577E+01
  0.12840366E+01 -0.80674705E+01
  0.12924439E+01 -0.80641310E+01
  0.13008511E+01 -0.80608435E+01
  0.13092584E+01 -0.80576124E+01
  0.13176657E+01 -0.80544424E+01
  0.13260729E+01 -0.80513378E+01
  0.13344802E+01 -0.80483035E+01
  0.13428875E+01 -0.80453442E+01
  0.13512947E+01 -0.80424647E+01
  0.13597020E+01 -0.80396700E+01
  0.13681092E+01 -0.80369653E+01
  0.13765165E+01 -0.80343557E+01
  0.13849238E+01 -0.80318465E+01
  0.13933310E+01 -0.80294432E+01
  0.14017383E+01 -0.80271510E+01
  0.14101455E+01 -0.80249754E+01
  0.14185528E+01 -0.80229217E+01
  0.14269601E+01 -0.80209949E+01
  0.14353673E+01 -0.80191999E+01
  0.14437746E+01 -0.80175411E+01
  0.14521819E+01 -0.80160226E+01
  0.14605891E+01 -0.80146477E+01
  0.14689964E+01 -0.80134192E+01
  0.14774036E+01 -0.80123393E+01
  0.14858109E+01 -0.80114093E+01
  0.14942182E+01 -0.80106301E+01
  0.15026254E+01 -0.80100017E+01
  0.15110327E+01 -0.80095235E+01
  0.15194399E+01 -0.80091945E+01
  0.15278472E+01 -0.80090131E+01
  0.15362381E+01 -0.80089778E+01
  0.15446291E+01 -0.80095565E+01
  0.15530200E+01 -0.80113458E+01
  0.15614109E+01 -0.80143557E+01
  0.15698019E+01 -0.80185996E+01
  0.15781928E+01 -0.80240932E+01
  0.15865837E+01 -0.80308526E+01
  0.15949747E+01 -0.80388923E+01
  0.16033656E+01 -0.80482239E+01
  0.16117565E+01 -0.80588540E+01
  0.16201475E+01 -0.80707831E+01
  0.16285384E+01 -0.80840044E+01
  0.16369294E+01 -0.80985032E+01
  0.16453203E+01 -0.81142572E+01
  0.16537112E+01 -0.81312362E+01
  0.16621022E+01 -0.81494033E+01
  0.16704931E+01 -0.81687155E+01
  0.16788840E+01 -0.81891247E+01
  0.16872750E+01 -0.82105786E+01
  0.16956659E+01 -0.82330220E+01
  0.17040568E+01 -0.82563971E+01
  0.17124478E+01 -0.82806447E+01
  0.17208387E+01 -0.83057044E+01
  0.17292296E+01 -0.83315151E+01
  0.17376206E+01 -0.83580155E+01
  0.17460115E+01 -0.83851443E+01
  0.17544024E+01 -0.84128409E+01
  0.17627934E+01 -0.84410453E+01
  0.17711843E+01 -0.84696991E+01
  0.17795752E+01 -0.84987456E+01
  0.17879662E+01 -0.85281304E+01
  0.17963571E+01 -0.85578020E+01
  0.18047480E+01 -0.85877120E+01
  0.18131390E+01 -0.86178159E+01
  0.18215299E+01 -0.86480726E+01
  0.18299208E+01 -0.86784451E+01
  0.18383118E+01 -0.87089005E+01
  0.18467027E+01 -0.87394092E+01
  0.18550936E+01 -0.87699452E+01
  0.18634846E+01 -0.88004852E+01
  0.18718755E+01 -0.88310086E+01
  0.18802664E+01 -0.88614965E+01
  0.18886574E+01 -0.88919315E+01
  0.18970483E+01 -0.89222967E+01
  0.19054392E+01 -0.89525762E+01
  0.19138302E+01 -0.89827537E+01
  0.19222211E+01 -0.90128131E+01
  0.19306121E+01 -0.90427380E+01
  0.19390030E+01 -0.90725119E+01
  0.19473939E+01 -0.91021183E+01
  0.19557849E+01 -0.91315408E+01
  0.19641758E+01 -0.91607635E+01
  0.19725667E+01 -0.91897715E+01
  0.19809577E+01 -0.92185508E+01
  0.19893486E+01 -0.92470886E+01
  0.19977395E+01 -0.92753735E+01
  0.20061305E+01 -0.93033957E+01
  0.20145214E+01 -0.93311467E+01
  0.20229123E+01 -0.93586193E+01
  0.20313033E+01 -0.93858072E+01
  0.20396942E+01 -0.94127051E+01
  0.20480851E+01 -0.94393079E+01
  0.20564761E+01 -0.94656107E+01
  0.20648670E+01 -0.94916085E+01
  0.20732579E+01 -0.95172958E+01
  0.20816489E+01 -0.95426669E+01
  0.20900398E+01 -0.95677156E+01
  0.20984307E+01 -0.95924353E+01
  0.21068217E+01 -0.96168193E+01
  0.21152126E+01 -0.96408614E+01
  0.21236035E+01 -0.96645558E+01
  0.21319945E+01 -0.96878977E+01
  0.21403854E+01 -0.97108837E+01
  0.21487763E+01 -0.97335119E+01
  0.21571673E+01 -0.97557818E+01
  0.21655582E+01 -0.97776944E+01
  0.21739491E+01 -0.97992522E+01
  0.21823401E+01 -0.98204579E+01
  0.21907310E+01 -0.98413148E+01
  0.21991219E+01 -0.98618258E+01
  0.22075129E+01 -0.98819928E+01
  0.22159038E+01 -0.99018161E+01
  0.22242948E+01 -0.99212946E+01
  0.22326857E+01 -0.99404249E+01
  0.22410766E+01 -0.99592021E+01
  0.22494676E+01 -0.99776193E+01
  0.22578585E+01 -0.99956687E+01
  0.22662494E+01 -0.10013342E+02
  0.22746404E+01 -0.10030630E+02
  0.22830313E+01 -0.10047526E+02
  0.22914222E+01 -0.10064023E+02
  0.22998132E+01 -0.10080117E+02
  0.23082041E+01 -0.10095805E+02
  0.23165950E+01 -0.10111087E+02
  0.23249860E+01 -0.10125963E+02
  0.23333769E+01 -0.10140437E+02
  0.23417678E+01 -0.10154512E+02
  0.23501588E+01 -0.10168192E+02
  0.23585497E+01 -0.10181480E+02
  0.23669406E+01 -0.10194379E+02
  0.23753316E+01 -0.10206891E+02
  0.23837225E+01 -0.10219015E+02
  0.23921134E+01 -0.10230749E+02
  0.24005044E+01 -0.10242091E+02
  0.24088953E+01 -0.10253034E+02
  0.24172862E+01 -0.10263576E+02
  0.24256772E+01 -0.10273711E+02
  0.24340681E+01 -0.10283434E+02
  0.24424590E+01 -0.10292742E+02
  0.24508500E+01 -0.10301633E+02
  0.24592409E+01 -0.10310105E+02
  0.24676318E+01 -0.10318160E+02
  0.24760228E+01 -0.10325798E+02
  0.24844137E+01 -0.10333021E+02
  0.24928046E+01 -0.10339833E+02
  0.25011956E+01 -0.10346236E+02
  0.25095865E+01 -0.10352232E+02
  0.25179775E+01 -0.10357823E+02
  0.25263684E+01 -0.10363011E+02
  0.25347593E+01 -0.10367795E+02
  0.25431503E+01 -0.10372175E+02
  0.25515412E+01 -0.10376149E+02
  0.25599321E+01 -0.10379714E+02
  0.25683231E+01 -0.10382867E+02
  0.25767140E+01 -0.10385606E+02
  0.25851049E+01 -0.10387927E+02
  0.25934959E+01 -0.10389828E+02
  0.26018868E+01 -0.10391307E+02
  0.26102777E+01 -0.10392362E+02
  0.26186687E+01 -0.10392992E+02
  0.26270759E+01 -0.10393196E+02
  0.26354832E+01 -0.10393028E+02
  0.26438904E+01 -0.10392482E+02
  0.26522977E+01 -0.10391557E+02
  0.26607050E+01 -0.10390253E+02
  0.26691122E+01 -0.10388572E+02
  0.26775195E+01 -0.10386513E+02
  0.26859268E+01 -0.10384077E+02
  0.26943340E+01 -0.10381264E+02
  0.27027413E+01 -0.10378074E+02
  0.27111485E+01 -0.10374509E+02
  0.27195558E+01 -0.10370569E+02
  0.27279631E+01 -0.10366257E+02
  0.27363703E+01 -0.10361576E+02
  0.27447776E+01 -0.10356528E+02
  0.27531848E+01 -0.10351117E+02
  0.27615921E+01 -0.10345348E+02
  0.27699994E+01 -0.10339225E+02
  0.27784066E+01 -0.10332752E+02
  0.27868139E+01 -0.10325935E+02
  0.27952212E+01 -0.10318777E+02
  0.28036284E+01 -0.10311280E+02
  0.28120357E+01 -0.10303448E+02
  0.28204429E+01 -0.10295280E+02
  0.28288502E+01 -0.10286776E+02
  0.28372575E+01 -0.10277936E+02
  0.28456647E+01 -0.10268756E+02
  0.28540720E+01 -0.10259236E+02
  0.28624792E+01 -0.10249373E+02
  0.28708865E+01 -0.10239165E+02
  0.28792938E+01 -0.10228612E+02
  0.28877010E+01 -0.10217716E+02
  0.28961083E+01 -0.10206479E+02
  0.29045156E+01 -0.10194906E+02
  0.29129228E+01 -0.10183005E+02
  0.29213301E+01 -0.10170784E+02
  0.29297373E+01 -0.10158254E+02
  0.29381446E+01 -0.10145427E+02
  0.29465519E+01 -0.10132315E+02
  0.29549591E+01 -0.10118931E+02
  0.29633664E+01 -0.10105285E+02
  0.29717736E+01 -0.10091391E+02
  0.29801809E+01 -0.10077257E+02
  0.29885882E+01 -0.10062894E+02
  0.29969954E+01 -0.10048308E+02
  0.30054027E+01 -0.10033507E+02
  0.30138100E+01 -0.10018498E+02
  0.30222172E+01 -0.10003288E+02
  0.30306245E+01 -0.99878847E+01
  0.30390317E+01 -0.99722967E+01
  0.30474390E+01 -0.99565352E+01
  0.30558463E+01 -0.99406133E+01
  0.30642535E+01 -0.99245464E+01
  0.30726608E+01 -0.99083528E+01
  0.30810680E+01 -0.98920536E+01
  0.30894753E+01 -0.98756725E+01
  0.30978826E+01 -0.98592356E+01
  0.31062898E+01 -0.98427717E+01
  0.31146971E+01 -0.98263114E+01
  0.31231044E+01 -0.98098875E+01
  0.31315116E+01 -0.97935349E+01
  0.31399189E+01 -0.97772902E+01
  0.31483261E+01 -0.97611924E+01
  0.31567334E+01 -0.97452828E+01
  0.31651407E+01 -0.97296056E+01
  0.31735479E+01 -0.97142076E+01
  0.31819552E+01 -0.96991393E+01
  0.31903624E+01 -0.96844544E+01
  0.31987697E+01 -0.96702099E+01
  0.32071770E+01 -0.96564663E+01
  0.32155842E+01 -0.96432867E+01
  0.32239915E+01 -0.96307362E+01
  0.32323988E+01 -0.96188814E+01
  0.32408060E+01 -0.96077893E+01
  0.32492133E+01 -0.95975257E+01
  0.32576205E+01 -0.95881546E+01
  0.32660278E+01 -0.95797366E+01
  0.32744351E+01 -0.95723277E+01
  0.32828423E+01 -0.95659784E+01
  0.32912496E+01 -0.95607324E+01
  0.32996568E+01 -0.95566260E+01
  0.33080641E+01 -0.95536872E+01
  0.33164714E+01 -0.95519357E+01
  0.33248557E+01 -0.95513819E+01
  0.33332399E+01 -0.95511539E+01
  0.33416242E+01 -0.95504638E+01
  0.33500085E+01 -0.95493141E+01
  0.33583928E+01 -0.95477092E+01
  0.33667771E+01 -0.95456548E+01
  0.33751614E+01 -0.95431578E+01
  0.33835457E+01 -0.95402256E+01
  0.33919300E+01 -0.95368660E+01
  0.34003143E+01 -0.95330864E+01
  0.34086985E+01 -0.95288933E+01
  0.34170828E+01 -0.95242924E+01
  0.34254671E+01 -0.95192877E+01
  0.34338514E+01 -0.95138818E+01
  0.34422357E+01 -0.95080754E+01
  0.34506200E+01 -0.95018675E+01
  0.34590043E+01 -0.94952554E+01
  0.34673886E+01 -0.94882352E+01
  0.34757728E+01 -0.94808017E+01
  0.34841571E+01 -0.94729493E+01
  0.34925414E+01 -0.94646720E+01
  0.35009257E+01 -0.94559640E+01
  0.35093100E+01 -0.94468202E+01
  0.35176943E+01 -0.94372365E+01
  0.35260786E+01 -0.94272102E+01
  0.35344629E+01 -0.94167403E+01
  0.35428471E+01 -0.94058276E+01
  0.35512314E+01 -0.93944744E+01
  0.35596157E+01 -0.93826852E+01
  0.35680000E+01 -0.93704656E+01
  0.35763843E+01 -0.93578228E+01
  0.35847686E+01 -0.93447646E+01
  0.35931529E+01 -0.93312995E+01
  0.36015372E+01 -0.93174361E+01
  0.36099214E+01 -0.93031828E+01
  0.36183057E+01 -0.92885470E+01
  0.36266900E+01 -0.92735355E+01
  0.36350743E+01 -0.92581536E+01
  0.36434586E+01 -0.92424054E+01
  0.36518429E+01 -0.92262936E+01
  0.36602272E+01 -0.92098194E+01
  0.36686115E+01 -0.91929829E+01
  0.36769957E+01 -0.91757831E+01
  0.36853800E+01 -0.91582184E+01
  0.36937643E+01 -0.91402868E+01
  0.37021486E+01 -0.91219863E+01
  0.37105329E+01 -0.91033154E+01
  0.37189172E+01 -0.90842731E+01
  0.37273015E+01 -0.90648598E+01
  0.37356858E+01 -0.90450771E+01
  0.37440701E+01 -0.90249281E+01
  0.37524543E+01 -0.90044176E+01
  0.37608386E+01 -0.89835522E+01
  0.37692229E+01 -0.89623400E+01
  0.37776072E+01 -0.89407908E+01
  0.37859915E+01 -0.89189156E+01
  0.37943758E+01 -0.88967265E+01
  0.38027601E+01 -0.88742367E+01
  0.38111444E+01 -0.88514599E+01
  0.38195286E+01 -0.88284102E+01
  0.38279129E+01 -0.88051019E+01
  0.38362972E+01 -0.87815495E+01
  0.38446815E+01 -0.87577672E+01
  0.38530658E+01 -0.87337694E+01
  0.38614501E+01 -0.87095706E+01
  0.38698344E+01 -0.86851853E+01
  0.38782187E+01 -0.86606285E+01
  0.38866029E+01 -0.86359158E+01
  0.38949872E+01 -0.86110640E+01
  0.39033715E+01 -0.85860910E+01
  0.39117558E+01 -0.85610167E+01
  0.39201401E+01 -0.85358628E+01
  0.39285244E+01 -0.85106539E+01
  0.39369087E+01 -0.84854174E+01
  0.39452930E+01 -0.84601840E+01
  0.39536772E+01 -0.84349882E+01
  0.39620615E+01 -0.84098683E+01
  0.39704458E+01 -0.83848670E+01
  0.39788301E+01 -0.83600316E+01
  0.39872144E+01 -0.83354139E+01
  0.39955987E+01 -0.83110710E+01
  0.40039830E+01 -0.82870647E+01
  0.40123673E+01 -0.82634622E+01
  0.40207516E+01 -0.82403361E+01
  0.40291358E+01 -0.82177640E+01
  0.40375201E+01 -0.81958290E+01
  0.40459044E+01 -0.81746193E+01
  0.40542887E+01 -0.81542278E+01
  0.40626730E+01 -0.81347519E+01
  0.40710573E+01 -0.81162928E+01
  0.40794416E+01 -0.80989546E+01
  0.40878259E+01 -0.80828431E+01
  0.40962101E+01 -0.80680645E+01
  0.41045944E+01 -0.80547233E+01
  0.41129787E+01 -0.80429204E+01
  0.41213630E+01 -0.80327507E+01
  0.41297473E+01 -0.80243004E+01
  0.41381316E+01 -0.80176446E+01
  0.41465159E+01 -0.80128448E+01
  0.41549002E+01 -0.80099465E+01
  0.41632844E+01 -0.80089778E+01
  
  0.00000000E+00 -0.54394150E+01
  0.83842878E-02 -0.54391600E+01
  0.16768576E-01 -0.54384194E+01
  0.25152864E-01 -0.54371956E+01
  0.33537151E-01 -0.54354920E+01
  0.41921439E-01 -0.54333129E+01
  0.50305727E-01 -0.54306636E+01
  0.58690015E-01 -0.54275494E+01
  0.67074303E-01 -0.54239758E+01
  0.75458591E-01 -0.54199484E+01
  0.83842878E-01 -0.54154720E+01
  0.92227166E-01 -0.54105512E+01
  0.10061145E+00 -0.54051899E+01
  0.10899574E+00 -0.53993911E+01
  0.11738003E+00 -0.53931575E+01
  0.12576432E+00 -0.53864906E+01
  0.13414861E+00 -0.53793915E+01
  0.14253289E+00 -0.53718606E+01
  0.15091718E+00 -0.53638974E+01
  0.15930147E+00 -0.53555015E+01
  0.16768576E+00 -0.53466715E+01
  0.17607004E+00 -0.53374060E+01
  0.18445433E+00 -0.53277037E+01
  0.19283862E+00 -0.53175631E+01
  0.20122291E+00 -0.53069832E+01
  0.20960720E+00 -0.52959632E+01
  0.21799148E+00 -0.52845031E+01
  0.22637577E+00 -0.52726034E+01
  0.23476006E+00 -0.52602655E+01
  0.24314435E+00 -0.52474914E+01
  0.25152864E+00 -0.52342838E+01
  0.25991292E+00 -0.52206460E+01
  0.26829721E+00 -0.52065826E+01
  0.27668150E+00 -0.51920993E+01
  0.28506579E+00 -0.51772056E+01
  0.29345007E+00 -0.51619216E+01
  0.30183436E+00 -0.51463140E+01
  0.31021865E+00 -0.51309345E+01
  0.31860294E+00 -0.51498021E+01
  0.32698723E+00 -0.52032202E+01
  0.33537151E+00 -0.52573556E+01
  0.34375580E+00 -0.53116473E+01
  0.35214009E+00 -0.53660185E+01
  0.36052438E+00 -0.54204390E+01
  0.36890866E+00 -0.54748881E+01
  0.37729295E+00 -0.55293478E+01
  0.38567724E+00 -0.55838000E+01
  0.39406153E+00 -0.56382259E+01
  0.40244582E+00 -0.56926058E+01
  0.41083010E+00 -0.57469195E+01
  0.41921439E+00 -0.58011463E+01
  0.42759868E+00 -0.58552660E+01
  0.43598297E+00 -0.59092589E+01
  0.44436726E+00 -0.59631065E+01
  0.45275154E+00 -0.60167920E+01
  0.46113583E+00 -0.60703006E+01
  0.46952012E+00 -0.61236200E+01
  0.47790441E+00 -0.61767401E+01
  0.48628869E+00 -0.62296536E+01
  0.49467298E+00 -0.62823553E+01
  0.50305727E+00 -0.63348426E+01
  0.51144156E+00 -0.63871145E+01
  0.51982585E+00 -0.64391716E+01
  0.52821013E+00 -0.64910158E+01
  0.53659442E+00 -0.65426495E+01
  0.54497871E+00 -0.65940753E+01
  0.55336300E+00 -0.66452956E+01
  0.56174729E+00 -0.66963124E+01
  0.57013157E+00 -0.67471266E+01
  0.57851586E+00 -0.67977383E+01
  0.58690015E+00 -0.68481461E+01
  0.59528444E+00 -0.68983477E+01
  0.60366872E+00 -0.69483395E+01
  0.61205301E+00 -0.69981168E+01
  0.62043730E+00 -0.70476740E+01
  0.62882159E+00 -0.70970048E+01
  0.63720588E+00 -0.71461023E+01
  0.64559016E+00 -0.71949592E+01
  0.65397445E+00 -0.72435683E+01
  0.66235874E+00 -0.72919221E+01
  0.67074303E+00 -0.73400132E+01
  0.67912732E+00 -0.73878346E+01
  0.68751160E+00 -0.74353794E+01
  0.69589589E+00 -0.74826406E+01
  0.70428018E+00 -0.75296117E+01
  0.71266447E+00 -0.75762860E+01
  0.72104875E+00 -0.76226565E+01
  0.72943304E+00 -0.76687156E+01
  0.73781733E+00 -0.77144552E+01
  0.74620162E+00 -0.77598654E+01
  0.75458591E+00 -0.78049344E+01
  0.76297019E+00 -0.78496474E+01
  0.77135448E+00 -0.78939841E+01
  0.77973877E+00 -0.79379163E+01
  0.78812306E+00 -0.79814002E+01
  0.79650734E+00 -0.80243631E+01
  0.80489163E+00 -0.80666681E+01
  0.81327592E+00 -0.81080176E+01
  0.82166021E+00 -0.81476145E+01
  0.83004450E+00 -0.81825922E+01
  0.83845176E+00 -0.82001593E+01
  0.84685902E+00 -0.82000878E+01
  0.85526628E+00 -0.81998902E+01
  0.86367354E+00 -0.81995665E+01
  0.87208080E+00 -0.81991173E+01
  0.88048807E+00 -0.81985431E+01
  0.88889533E+00 -0.81978446E+01
  0.89730259E+00 -0.81970228E+01
  0.90570985E+00 -0.81960789E+01
  0.91411711E+00 -0.81950142E+01
  0.92252437E+00 -0.81938301E+01
  0.93093163E+00 -0.81925284E+01
  0.93933890E+00 -0.81911108E+01
  0.94774616E+00 -0.81895793E+01
  0.95615342E+00 -0.81879359E+01
  0.96456068E+00 -0.81861824E+01
  0.97296794E+00 -0.81843210E+01
  0.98137520E+00 -0.81823536E+01
  0.98978247E+00 -0.81802821E+01
  0.99818973E+00 -0.81781086E+01
  0.10065970E+01 -0.81758347E+01
  0.10150043E+01 -0.81734622E+01
  0.10234115E+01 -0.81709927E+01
  0.10318188E+01 -0.81684133E+01
  0.10402260E+01 -0.81594095E+01
  0.10486333E+01 -0.81490717E+01
  0.10570406E+01 -0.81383267E+01
  0.10654478E+01 -0.81271708E+01
  0.10738551E+01 -0.81155990E+01
  0.10822623E+01 -0.81036069E+01
  0.10906696E+01 -0.80911912E+01
  0.10990769E+01 -0.80783505E+01
  0.11074841E+01 -0.80650856E+01
  0.11158914E+01 -0.80514000E+01
  0.11242987E+01 -0.80372999E+01
  0.11327059E+01 -0.80227941E+01
  0.11411132E+01 -0.80078935E+01
  0.11495204E+01 -0.79926103E+01
  0.11579277E+01 -0.79769578E+01
  0.11663350E+01 -0.79609488E+01
  0.11747422E+01 -0.79445951E+01
  0.11831495E+01 -0.79279066E+01
  0.11915567E+01 -0.79108904E+01
  0.11999640E+01 -0.78935505E+01
  0.12083713E+01 -0.78758875E+01
  0.12167785E+01 -0.78578987E+01
  0.12251858E+01 -0.78395790E+01
  0.12335931E+01 -0.78209212E+01
  0.12420003E+01 -0.78019174E+01
  0.12504076E+01 -0.77825604E+01
  0.12588148E+01 -0.77628448E+01
  0.12672221E+01 -0.77427682E+01
  0.12756294E+01 -0.77223327E+01
  0.12840366E+01 -0.77015457E+01
  0.12924439E+01 -0.76804202E+01
  0.13008511E+01 -0.76589752E+01
  0.13092584E+01 -0.76372355E+01
  0.13176657E+01 -0.76152310E+01
  0.13260729E+01 -0.75929958E+01
  0.13344802E+01 -0.75705677E+01
  0.13428875E+01 -0.75479863E+01
  0.13512947E+01 -0.75252925E+01
  0.13597020E+01 -0.75025278E+01
  0.13681092E+01 -0.74797333E+01
  0.13765165E+01 -0.74569505E+01
  0.13849238E+01 -0.74342212E+01
  0.13933310E+01 -0.74115894E+01
  0.14017383E+01 -0.73891031E+01
  0.14101455E+01 -0.73668164E+01
  0.14185528E+01 -0.73447934E+01
  0.14269601E+01 -0.73231107E+01
  0.14353673E+01 -0.73018618E+01
  0.14437746E+01 -0.72811599E+01
  0.14521819E+01 -0.72611419E+01
  0.14605891E+01 -0.72419699E+01
  0.14689964E+01 -0.72238332E+01
  0.14774036E+01 -0.72069472E+01
  0.14858109E+01 -0.71915503E+01
  0.14942182E+01 -0.71778977E+01
  0.15026254E+01 -0.71662507E+01
  0.15110327E+01 -0.71568623E+01
  0.15194399E+01 -0.71499595E+01
  0.15278472E+01 -0.71457242E+01
  0.15362381E+01 -0.71442749E+01
  0.15446291E+01 -0.71450960E+01
  0.15530200E+01 -0.71474471E+01
  0.15614109E+01 -0.71512355E+01
  0.15698019E+01 -0.71563195E+01
  0.15781928E+01 -0.71625190E+01
  0.15865837E+01 -0.71696281E+01
  0.15949747E+01 -0.71774276E+01
  0.16033656E+01 -0.71856956E+01
  0.16117565E+01 -0.71942167E+01
  0.16201475E+01 -0.72027879E+01
  0.16285384E+01 -0.72112237E+01
  0.16369294E+01 -0.72193579E+01
  0.16453203E+01 -0.72270452E+01
  0.16537112E+01 -0.72341610E+01
  0.16621022E+01 -0.72406010E+01
  0.16704931E+01 -0.72462798E+01
  0.16788840E+01 -0.72511302E+01
  0.16872750E+01 -0.72551017E+01
  0.16956659E+01 -0.72581590E+01
  0.17040568E+01 -0.72602814E+01
  0.17124478E+01 -0.72614609E+01
  0.17208387E+01 -0.72617014E+01
  0.17292296E+01 -0.72610169E+01
  0.17376206E+01 -0.72594306E+01
  0.17460115E+01 -0.72569727E+01
  0.17544024E+01 -0.72536788E+01
  0.17627934E+01 -0.72495882E+01
  0.17711843E+01 -0.72447417E+01
  0.17795752E+01 -0.72391801E+01
  0.17879662E+01 -0.72329422E+01
  0.17963571E+01 -0.72260639E+01
  0.18047480E+01 -0.72185766E+01
  0.18131390E+01 -0.72105072E+01
  0.18215299E+01 -0.72018776E+01
  0.18299208E+01 -0.71927048E+01
  0.18383118E+01 -0.71830021E+01
  0.18467027E+01 -0.71727794E+01
  0.18550936E+01 -0.71620447E+01
  0.18634846E+01 -0.71508049E+01
  0.18718755E+01 -0.71390672E+01
  0.18802664E+01 -0.71268397E+01
  0.18886574E+01 -0.71141320E+01
  0.18970483E+01 -0.71009559E+01
  0.19054392E+01 -0.70873248E+01
  0.19138302E+01 -0.70732540E+01
  0.19222211E+01 -0.70587594E+01
  0.19306121E+01 -0.70438574E+01
  0.19390030E+01 -0.70285637E+01
  0.19473939E+01 -0.70128923E+01
  0.19557849E+01 -0.69968552E+01
  0.19641758E+01 -0.69804615E+01
  0.19725667E+01 -0.69637174E+01
  0.19809577E+01 -0.69466262E+01
  0.19893486E+01 -0.69291889E+01
  0.19977395E+01 -0.69114045E+01
  0.20061305E+01 -0.68932709E+01
  0.20145214E+01 -0.68747861E+01
  0.20229123E+01 -0.68559485E+01
  0.20313033E+01 -0.68367584E+01
  0.20396942E+01 -0.68172176E+01
  0.20480851E+01 -0.67973303E+01
  0.20564761E+01 -0.67771030E+01
  0.20648670E+01 -0.67565435E+01
  0.20732579E+01 -0.67356613E+01
  0.20816489E+01 -0.67144666E+01
  0.20900398E+01 -0.66929694E+01
  0.20984307E+01 -0.66711795E+01
  0.21068217E+01 -0.66491062E+01
  0.21152126E+01 -0.66267577E+01
  0.21236035E+01 -0.66041421E+01
  0.21319945E+01 -0.65812674E+01
  0.21403854E+01 -0.65581422E+01
  0.21487763E+01 -0.65347766E+01
  0.21571673E+01 -0.65111829E+01
  0.21655582E+01 -0.64873757E+01
  0.21739491E+01 -0.64633729E+01
  0.21823401E+01 -0.64391949E+01
  0.21907310E+01 -0.64148645E+01
  0.21991219E+01 -0.63904059E+01
  0.22075129E+01 -0.63658436E+01
  0.22159038E+01 -0.63412010E+01
  0.22242948E+01 -0.63164992E+01
  0.22326857E+01 -0.62917559E+01
  0.22410766E+01 -0.62669845E+01
  0.22494676E+01 -0.62421940E+01
  0.22578585E+01 -0.62173894E+01
  0.22662494E+01 -0.61925722E+01
  0.22746404E+01 -0.61677426E+01
  0.22830313E+01 -0.61429003E+01
  0.22914222E+01 -0.61180469E+01
  0.22998132E+01 -0.60931877E+01
  0.23082041E+01 -0.60683327E+01
  0.23165950E+01 -0.60434975E+01
  0.23249860E+01 -0.60187040E+01
  0.23333769E+01 -0.59939793E+01
  0.23417678E+01 -0.59693554E+01
  0.23501588E+01 -0.59448675E+01
  0.23585497E+01 -0.59205528E+01
  0.23669406E+01 -0.58964488E+01
  0.23753316E+01 -0.58725918E+01
  0.23837225E+01 -0.58490165E+01
  0.23921134E+01 -0.58257547E+01
  0.24005044E+01 -0.58028356E+01
  0.24088953E+01 -0.57802864E+01
  0.24172862E+01 -0.57581326E+01
  0.24256772E+01 -0.57363996E+01
  0.24340681E+01 -0.57151137E+01
  0.24424590E+01 -0.56943037E+01
  0.24508500E+01 -0.56740014E+01
  0.24592409E+01 -0.56542429E+01
  0.24676318E+01 -0.56350684E+01
  0.24760228E+01 -0.56165220E+01
  0.24844137E+01 -0.55986513E+01
  0.24928046E+01 -0.55815059E+01
  0.25011956E+01 -0.55651365E+01
  0.25095865E+01 -0.55495934E+01
  0.25179775E+01 -0.55349252E+01
  0.25263684E+01 -0.55211781E+01
  0.25347593E+01 -0.55083946E+01
  0.25431503E+01 -0.54966136E+01
  0.25515412E+01 -0.54858694E+01
  0.25599321E+01 -0.54761923E+01
  0.25683231E+01 -0.54676080E+01
  0.25767140E+01 -0.54601381E+01
  0.25851049E+01 -0.54537999E+01
  0.25934959E+01 -0.54486066E+01
  0.26018868E+01 -0.54445675E+01
  0.26102777E+01 -0.54416881E+01
  0.26186687E+01 -0.54399708E+01
  0.26270759E+01 -0.54394150E+01
  0.26354832E+01 -0.54411619E+01
  0.26438904E+01 -0.54464290E+01
  0.26522977E+01 -0.54551529E+01
  0.26607050E+01 -0.54672319E+01
  0.26691122E+01 -0.54825329E+01
  0.26775195E+01 -0.55008988E+01
  0.26859268E+01 -0.55221552E+01
  0.26943340E+01 -0.55461166E+01
  0.27027413E+01 -0.55725908E+01
  0.27111485E+01 -0.56013817E+01
  0.27195558E+01 -0.56322918E+01
  0.27279631E+01 -0.56651234E+01
  0.27363703E+01 -0.56996804E+01
  0.27447776E+01 -0.57357704E+01
  0.27531848E+01 -0.57732068E+01
  0.27615921E+01 -0.58118113E+01
  0.27699994E+01 -0.58514173E+01
  0.27784066E+01 -0.58918718E+01
  0.27868139E+01 -0.59330381E+01
  0.27952212E+01 -0.59747972E+01
  0.28036284E+01 -0.60170483E+01
  0.28120357E+01 -0.60597086E+01
  0.28204429E+01 -0.61027117E+01
  0.28288502E+01 -0.61460053E+01
  0.28372575E+01 -0.61895485E+01
  0.28456647E+01 -0.62333083E+01
  0.28540720E+01 -0.62772558E+01
  0.28624792E+01 -0.63213640E+01
  0.28708865E+01 -0.63656043E+01
  0.28792938E+01 -0.64099453E+01
  0.28877010E+01 -0.64543513E+01
  0.28961083E+01 -0.64987829E+01
  0.29045156E+01 -0.65431969E+01
  0.29129228E+01 -0.65875481E+01
  0.29213301E+01 -0.66317906E+01
  0.29297373E+01 -0.66758799E+01
  0.29381446E+01 -0.67197739E+01
  0.29465519E+01 -0.67634347E+01
  0.29549591E+01 -0.68068293E+01
  0.29633664E+01 -0.68499299E+01
  0.29717736E+01 -0.68927139E+01
  0.29801809E+01 -0.69351635E+01
  0.29885882E+01 -0.69772643E+01
  0.29969954E+01 -0.70190050E+01
  0.30054027E+01 -0.70603752E+01
  0.30138100E+01 -0.71013649E+01
  0.30222172E+01 -0.71419629E+01
  0.30306245E+01 -0.71821558E+01
  0.30390317E+01 -0.72219274E+01
  0.30474390E+01 -0.72612582E+01
  0.30558463E+01 -0.73001251E+01
  0.30642535E+01 -0.73385017E+01
  0.30726608E+01 -0.73763583E+01
  0.30810680E+01 -0.74136629E+01
  0.30894753E+01 -0.74503811E+01
  0.30978826E+01 -0.74864770E+01
  0.31062898E+01 -0.75219136E+01
  0.31146971E+01 -0.75566528E+01
  0.31231044E+01 -0.75906556E+01
  0.31315116E+01 -0.76238823E+01
  0.31399189E+01 -0.76562919E+01
  0.31483261E+01 -0.76878422E+01
  0.31567334E+01 -0.77184891E+01
  0.31651407E+01 -0.77481867E+01
  0.31735479E+01 -0.77768871E+01
  0.31819552E+01 -0.78045398E+01
  0.31903624E+01 -0.78310921E+01
  0.31987697E+01 -0.78564886E+01
  0.32071770E+01 -0.78806718E+01
  0.32155842E+01 -0.79035818E+01
  0.32239915E+01 -0.79251571E+01
  0.32323988E+01 -0.79453345E+01
  0.32408060E+01 -0.79640500E+01
  0.32492133E+01 -0.79812391E+01
  0.32576205E+01 -0.79968377E+01
  0.32660278E+01 -0.80107834E+01
  0.32744351E+01 -0.80230159E+01
  0.32828423E+01 -0.80334787E+01
  0.32912496E+01 -0.80421201E+01
  0.32996568E+01 -0.80488951E+01
  0.33080641E+01 -0.80537661E+01
  0.33164714E+01 -0.80567047E+01
  0.33248557E+01 -0.80576926E+01
  0.33332399E+01 -0.80574428E+01
  0.33416242E+01 -0.80568317E+01
  0.33500085E+01 -0.80558603E+01
  0.33583928E+01 -0.80545300E+01
  0.33667771E+01 -0.80528422E+01
  0.33751614E+01 -0.80507990E+01
  0.33835457E+01 -0.80484027E+01
  0.33919300E+01 -0.80456560E+01
  0.34003143E+01 -0.80425622E+01
  0.34086985E+01 -0.80391245E+01
  0.34170828E+01 -0.80353467E+01
  0.34254671E+01 -0.80312326E+01
  0.34338514E+01 -0.80267859E+01
  0.34422357E+01 -0.80220103E+01
  0.34506200E+01 -0.80169092E+01
  0.34590043E+01 -0.80114858E+01
  0.34673886E+01 -0.80057429E+01
  0.34757728E+01 -0.79996828E+01
  0.34841571E+01 -0.79933079E+01
  0.34925414E+01 -0.79866201E+01
  0.35009257E+01 -0.79796212E+01
  0.35093100E+01 -0.79723131E+01
  0.35176943E+01 -0.79646975E+01
  0.35260786E+01 -0.79567768E+01
  0.35344629E+01 -0.79485535E+01
  0.35428471E+01 -0.79400305E+01
  0.35512314E+01 -0.79312114E+01
  0.35596157E+01 -0.79221005E+01
  0.35680000E+01 -0.79127029E+01
  0.35763843E+01 -0.79030245E+01
  0.35847686E+01 -0.78930721E+01
  0.35931529E+01 -0.78828534E+01
  0.36015372E+01 -0.78723769E+01
  0.36099214E+01 -0.78616518E+01
  0.36183057E+01 -0.78506882E+01
  0.36266900E+01 -0.78394961E+01
  0.36350743E+01 -0.78280862E+01
  0.36434586E+01 -0.78164688E+01
  0.36518429E+01 -0.78046541E+01
  0.36602272E+01 -0.77926517E+01
  0.36686115E+01 -0.77804704E+01
  0.36769957E+01 -0.77681183E+01
  0.36853800E+01 -0.77556026E+01
  0.36937643E+01 -0.77429297E+01
  0.37021486E+01 -0.77301053E+01
  0.37105329E+01 -0.77171347E+01
  0.37189172E+01 -0.77040230E+01
  0.37273015E+01 -0.76907753E+01
  0.37356858E+01 -0.76773971E+01
  0.37440701E+01 -0.76638945E+01
  0.37524543E+01 -0.76502748E+01
  0.37608386E+01 -0.76365459E+01
  0.37692229E+01 -0.76227173E+01
  0.37776072E+01 -0.76087994E+01
  0.37859915E+01 -0.75948042E+01
  0.37943758E+01 -0.75807446E+01
  0.38027601E+01 -0.75666345E+01
  0.38111444E+01 -0.75524890E+01
  0.38195286E+01 -0.75383236E+01
  0.38279129E+01 -0.75241546E+01
  0.38362972E+01 -0.75099984E+01
  0.38446815E+01 -0.74958717E+01
  0.38530658E+01 -0.74817914E+01
  0.38614501E+01 -0.74677740E+01
  0.38698344E+01 -0.74538362E+01
  0.38782187E+01 -0.74399941E+01
  0.38866029E+01 -0.74262637E+01
  0.38949872E+01 -0.74126607E+01
  0.39033715E+01 -0.73992005E+01
  0.39117558E+01 -0.73858981E+01
  0.39201401E+01 -0.73727685E+01
  0.39285244E+01 -0.73598266E+01
  0.39369087E+01 -0.73470873E+01
  0.39452930E+01 -0.73345654E+01
  0.39536772E+01 -0.73222762E+01
  0.39620615E+01 -0.73102352E+01
  0.39704458E+01 -0.72984582E+01
  0.39788301E+01 -0.72869616E+01
  0.39872144E+01 -0.72757623E+01
  0.39955987E+01 -0.72648779E+01
  0.40039830E+01 -0.72543265E+01
  0.40123673E+01 -0.72441267E+01
  0.40207516E+01 -0.72342979E+01
  0.40291358E+01 -0.72248599E+01
  0.40375201E+01 -0.72158332E+01
  0.40459044E+01 -0.72072387E+01
  0.40542887E+01 -0.71990979E+01
  0.40626730E+01 -0.71914324E+01
  0.40710573E+01 -0.71842646E+01
  0.40794416E+01 -0.71776166E+01
  0.40878259E+01 -0.71715109E+01
  0.40962101E+01 -0.71659695E+01
  0.41045944E+01 -0.71610142E+01
  0.41129787E+01 -0.71566657E+01
  0.41213630E+01 -0.71529435E+01
  0.41297473E+01 -0.71498657E+01
  0.41381316E+01 -0.71474481E+01
  0.41465159E+01 -0.71457041E+01
  0.41549002E+01 -0.71446439E+01
  0.41632844E+01 -0.71442749E+01
  
  0.00000000E+00 -0.36437817E+01
  0.83842878E-02 -0.36457637E+01
  0.16768576E-01 -0.36516405E+01
  0.25152864E-01 -0.36613196E+01
  0.33537151E-01 -0.36746566E+01
  0.41921439E-01 -0.36914653E+01
  0.50305727E-01 -0.37115297E+01
  0.58690015E-01 -0.37346171E+01
  0.67074303E-01 -0.37604892E+01
  0.75458591E-01 -0.37889117E+01
  0.83842878E-01 -0.38196619E+01
  0.92227166E-01 -0.38525335E+01
  0.10061145E+00 -0.38873398E+01
  0.10899574E+00 -0.39239144E+01
  0.11738003E+00 -0.39621113E+01
  0.12576432E+00 -0.40018030E+01
  0.13414861E+00 -0.40428787E+01
  0.14253289E+00 -0.40852415E+01
  0.15091718E+00 -0.41288051E+01
  0.15930147E+00 -0.41734916E+01
  0.16768576E+00 -0.42192286E+01
  0.17607004E+00 -0.42659471E+01
  0.18445433E+00 -0.43135796E+01
  0.19283862E+00 -0.43620589E+01
  0.20122291E+00 -0.44113177E+01
  0.20960720E+00 -0.44612885E+01
  0.21799148E+00 -0.45119033E+01
  0.22637577E+00 -0.45630952E+01
  0.23476006E+00 -0.46147983E+01
  0.24314435E+00 -0.46669494E+01
  0.25152864E+00 -0.47194884E+01
  0.25991292E+00 -0.47723595E+01
  0.26829721E+00 -0.48255112E+01
  0.27668150E+00 -0.48788962E+01
  0.28506579E+00 -0.49324692E+01
  0.29345007E+00 -0.49861797E+01
  0.30183436E+00 -0.50399360E+01
  0.31021865E+00 -0.50931650E+01
  0.31860294E+00 -0.51118307E+01
  0.32698723E+00 -0.50956147E+01
  0.33537151E+00 -0.50783375E+01
  0.34375580E+00 -0.50605483E+01
  0.35214009E+00 -0.50423120E+01
  0.36052438E+00 -0.50236469E+01
  0.36890866E+00 -0.50045603E+01
  0.37729295E+00 -0.49850561E+01
  0.38567724E+00 -0.49651367E+01
  0.39406153E+00 -0.49448036E+01
  0.40244582E+00 -0.49240582E+01
  0.41083010E+00 -0.49029017E+01
  0.41921439E+00 -0.48813352E+01
  0.42759868E+00 -0.48593596E+01
  0.43598297E+00 -0.48369758E+01
  0.44436726E+00 -0.48141849E+01
  0.45275154E+00 -0.47909875E+01
  0.46113583E+00 -0.47673846E+01
  0.46952012E+00 -0.47433769E+01
  0.47790441E+00 -0.47189653E+01
  0.48628869E+00 -0.46941508E+01
  0.49467298E+00 -0.46689346E+01
  0.50305727E+00 -0.46433180E+01
  0.51144156E+00 -0.46173033E+01
  0.51982585E+00 -0.45908933E+01
  0.52821013E+00 -0.45640920E+01
  0.53659442E+00 -0.45369048E+01
  0.54497871E+00 -0.45093388E+01
  0.55336300E+00 -0.44814032E+01
  0.56174729E+00 -0.44531091E+01
  0.57013157E+00 -0.44244705E+01
  0.57851586E+00 -0.43955035E+01
  0.58690015E+00 -0.43662271E+01
  0.59528444E+00 -0.43366626E+01
  0.60366872E+00 -0.43068339E+01
  0.61205301E+00 -0.42767669E+01
  0.62043730E+00 -0.42464897E+01
  0.62882159E+00 -0.42160320E+01
  0.63720588E+00 -0.41854253E+01
  0.64559016E+00 -0.41547025E+01
  0.65397445E+00 -0.41238985E+01
  0.66235874E+00 -0.40930499E+01
  0.67074303E+00 -0.40621958E+01
  0.67912732E+00 -0.40313790E+01
  0.68751160E+00 -0.40006469E+01
  0.69589589E+00 -0.39700532E+01
  0.70428018E+00 -0.39396601E+01
  0.71266447E+00 -0.39095412E+01
  0.72104875E+00 -0.38797839E+01
  0.72943304E+00 -0.38504933E+01
  0.73781733E+00 -0.38217961E+01
  0.74620162E+00 -0.37938445E+01
  0.75458591E+00 -0.37668203E+01
  0.76297019E+00 -0.37409385E+01
  0.77135448E+00 -0.37164500E+01
  0.77973877E+00 -0.36936425E+01
  0.78812306E+00 -0.36728378E+01
  0.79650734E+00 -0.36543847E+01
  0.80489163E+00 -0.36386464E+01
  0.81327592E+00 -0.36259797E+01
  0.82166021E+00 -0.36167089E+01
  0.83004450E+00 -0.36110953E+01
  0.83845176E+00 -0.36093083E+01
  0.84685902E+00 -0.36106182E+01
  0.85526628E+00 -0.36144466E+01
  0.86367354E+00 -0.36207663E+01
  0.87208080E+00 -0.36295326E+01
  0.88048807E+00 -0.36406853E+01
  0.88889533E+00 -0.36541511E+01
  0.89730259E+00 -0.36698462E+01
  0.90570985E+00 -0.36876798E+01
  0.91411711E+00 -0.37075565E+01
  0.92252437E+00 -0.37293791E+01
  0.93093163E+00 -0.37530503E+01
  0.93933890E+00 -0.37784749E+01
  0.94774616E+00 -0.38055595E+01
  0.95615342E+00 -0.38342140E+01
  0.96456068E+00 -0.38643505E+01
  0.97296794E+00 -0.38958835E+01
  0.98137520E+00 -0.39287292E+01
  0.98978247E+00 -0.39628050E+01
  0.99818973E+00 -0.39980289E+01
  0.10065970E+01 -0.40343196E+01
  0.10150043E+01 -0.40715959E+01
  0.10234115E+01 -0.41097774E+01
  0.10318188E+01 -0.41487848E+01
  0.10402260E+01 -0.41885400E+01
  0.10486333E+01 -0.42289674E+01
  0.10570406E+01 -0.42699940E+01
  0.10654478E+01 -0.43115507E+01
  0.10738551E+01 -0.43535731E+01
  0.10822623E+01 -0.43960016E+01
  0.10906696E+01 -0.44387825E+01
  0.10990769E+01 -0.44818678E+01
  0.11074841E+01 -0.45252157E+01
  0.11158914E+01 -0.45687901E+01
  0.11242987E+01 -0.46125599E+01
  0.11327059E+01 -0.46564986E+01
  0.11411132E+01 -0.47005825E+01
  0.11495204E+01 -0.47447902E+01
  0.11579277E+01 -0.47891005E+01
  0.11663350E+01 -0.48334917E+01
  0.11747422E+01 -0.48779399E+01
  0.11831495E+01 -0.49224185E+01
  0.11915567E+01 -0.49668975E+01
  0.11999640E+01 -0.50113434E+01
  0.12083713E+01 -0.50557194E+01
  0.12167785E+01 -0.50999863E+01
  0.12251858E+01 -0.51441034E+01
  0.12335931E+01 -0.51880296E+01
  0.12420003E+01 -0.52317252E+01
  0.12504076E+01 -0.52751524E+01
  0.12588148E+01 -0.53182769E+01
  0.12672221E+01 -0.53610688E+01
  0.12756294E+01 -0.54035022E+01
  0.12840366E+01 -0.54455558E+01
  0.12924439E+01 -0.54872124E+01
  0.13008511E+01 -0.55284574E+01
  0.13092584E+01 -0.55692781E+01
  0.13176657E+01 -0.56096623E+01
  0.13260729E+01 -0.56495962E+01
  0.13344802E+01 -0.56890633E+01
  0.13428875E+01 -0.57280425E+01
  0.13512947E+01 -0.57665073E+01
  0.13597020E+01 -0.58044242E+01
  0.13681092E+01 -0.58417523E+01
  0.13765165E+01 -0.58784426E+01
  0.13849238E+01 -0.59144379E+01
  0.13933310E+01 -0.59496726E+01
  0.14017383E+01 -0.59840727E+01
  0.14101455E+01 -0.60175553E+01
  0.14185528E+01 -0.60500285E+01
  0.14269601E+01 -0.60813904E+01
  0.14353673E+01 -0.61115281E+01
  0.14437746E+01 -0.61403154E+01
  0.14521819E+01 -0.61676118E+01
  0.14605891E+01 -0.61932594E+01
  0.14689964E+01 -0.62170821E+01
  0.14774036E+01 -0.62388848E+01
  0.14858109E+01 -0.62584549E+01
  0.14942182E+01 -0.62755664E+01
  0.15026254E+01 -0.62899880E+01
  0.15110327E+01 -0.63014953E+01
  0.15194399E+01 -0.63098858E+01
  0.15278472E+01 -0.63149966E+01
  0.15362381E+01 -0.63167208E+01
  0.15446291E+01 -0.63151900E+01
  0.15530200E+01 -0.63106715E+01
  0.15614109E+01 -0.63032499E+01
  0.15698019E+01 -0.62930565E+01
  0.15781928E+01 -0.62802593E+01
  0.15865837E+01 -0.62650513E+01
  0.15949747E+01 -0.62476395E+01
  0.16033656E+01 -0.62282347E+01
  0.16117565E+01 -0.62070443E+01
  0.16201475E+01 -0.61842661E+01
  0.16285384E+01 -0.61600852E+01
  0.16369294E+01 -0.61346718E+01
  0.16453203E+01 -0.61081806E+01
  0.16537112E+01 -0.60807510E+01
  0.16621022E+01 -0.60525080E+01
  0.16704931E+01 -0.60235636E+01
  0.16788840E+01 -0.59940175E+01
  0.16872750E+01 -0.59639595E+01
  0.16956659E+01 -0.59334702E+01
  0.17040568E+01 -0.59026225E+01
  0.17124478E+01 -0.58714831E+01
  0.17208387E+01 -0.58401129E+01
  0.17292296E+01 -0.58085686E+01
  0.17376206E+01 -0.57769024E+01
  0.17460115E+01 -0.57451633E+01
  0.17544024E+01 -0.57133963E+01
  0.17627934E+01 -0.56816436E+01
  0.17711843E+01 -0.56499434E+01
  0.17795752E+01 -0.56183305E+01
  0.17879662E+01 -0.55868360E+01
  0.17963571E+01 -0.55554869E+01
  0.18047480E+01 -0.55243061E+01
  0.18131390E+01 -0.54933128E+01
  0.18215299E+01 -0.54625223E+01
  0.18299208E+01 -0.54319462E+01
  0.18383118E+01 -0.54015934E+01
  0.18467027E+01 -0.53714701E+01
  0.18550936E+01 -0.53415805E+01
  0.18634846E+01 -0.53119278E+01
  0.18718755E+01 -0.52825144E+01
  0.18802664E+01 -0.52533426E+01
  0.18886574E+01 -0.52244148E+01
  0.18970483E+01 -0.51957341E+01
  0.19054392E+01 -0.51673036E+01
  0.19138302E+01 -0.51391270E+01
  0.19222211E+01 -0.51112074E+01
  0.19306121E+01 -0.50835475E+01
  0.19390030E+01 -0.50561485E+01
  0.19473939E+01 -0.50290101E+01
  0.19557849E+01 -0.50021295E+01
  0.19641758E+01 -0.49755017E+01
  0.19725667E+01 -0.49491190E+01
  0.19809577E+01 -0.49229715E+01
  0.19893486E+01 -0.48970473E+01
  0.19977395E+01 -0.48713332E+01
  0.20061305E+01 -0.48458156E+01
  0.20145214E+01 -0.48204812E+01
  0.20229123E+01 -0.47953179E+01
  0.20313033E+01 -0.47703157E+01
  0.20396942E+01 -0.47454670E+01
  0.20480851E+01 -0.47207674E+01
  0.20564761E+01 -0.46962152E+01
  0.20648670E+01 -0.46718115E+01
  0.20732579E+01 -0.46475596E+01
  0.20816489E+01 -0.46234641E+01
  0.20900398E+01 -0.45995307E+01
  0.20984307E+01 -0.45757646E+01
  0.21068217E+01 -0.45521707E+01
  0.21152126E+01 -0.45287524E+01
  0.21236035E+01 -0.45055114E+01
  0.21319945E+01 -0.44824479E+01
  0.21403854E+01 -0.44595608E+01
  0.21487763E+01 -0.44368475E+01
  0.21571673E+01 -0.44143054E+01
  0.21655582E+01 -0.43919319E+01
  0.21739491E+01 -0.43697255E+01
  0.21823401E+01 -0.43476864E+01
  0.21907310E+01 -0.43258174E+01
  0.21991219E+01 -0.43041239E+01
  0.22075129E+01 -0.42826142E+01
  0.22159038E+01 -0.42612995E+01
  0.22242948E+01 -0.42401932E+01
  0.22326857E+01 -0.42193100E+01
  0.22410766E+01 -0.41986657E+01
  0.22494676E+01 -0.41782752E+01
  0.22578585E+01 -0.41581524E+01
  0.22662494E+01 -0.41383087E+01
  0.22746404E+01 -0.41187527E+01
  0.22830313E+01 -0.40994901E+01
  0.22914222E+01 -0.40805232E+01
  0.22998132E+01 -0.40618519E+01
  0.23082041E+01 -0.40434740E+01
  0.23165950E+01 -0.40253866E+01
  0.23249860E+01 -0.40075874E+01
  0.23333769E+01 -0.39900753E+01
  0.23417678E+01 -0.39728522E+01
  0.23501588E+01 -0.39559238E+01
  0.23585497E+01 -0.39392997E+01
  0.23669406E+01 -0.39229941E+01
  0.23753316E+01 -0.39070246E+01
  0.23837225E+01 -0.38914118E+01
  0.23921134E+01 -0.38761771E+01
  0.24005044E+01 -0.38613410E+01
  0.24088953E+01 -0.38469208E+01
  0.24172862E+01 -0.38329291E+01
  0.24256772E+01 -0.38193722E+01
  0.24340681E+01 -0.38062501E+01
  0.24424590E+01 -0.37935564E+01
  0.24508500E+01 -0.37812809E+01
  0.24592409E+01 -0.37694120E+01
  0.24676318E+01 -0.37579399E+01
  0.24760228E+01 -0.37468599E+01
  0.24844137E+01 -0.37361762E+01
  0.24928046E+01 -0.37259033E+01
  0.25011956E+01 -0.37160676E+01
  0.25095865E+01 -0.37067065E+01
  0.25179775E+01 -0.36978662E+01
  0.25263684E+01 -0.36895989E+01
  0.25347593E+01 -0.36819572E+01
  0.25431503E+01 -0.36749898E+01
  0.25515412E+01 -0.36687355E+01
  0.25599321E+01 -0.36632191E+01
  0.25683231E+01 -0.36584486E+01
  0.25767140E+01 -0.36544140E+01
  0.25851049E+01 -0.36510895E+01
  0.25934959E+01 -0.36484377E+01
  0.26018868E+01 -0.36464162E+01
  0.26102777E+01 -0.36449845E+01
  0.26186687E+01 -0.36441117E+01
  0.26270759E+01 -0.36437817E+01
  0.26354832E+01 -0.36416723E+01
  0.26438904E+01 -0.36352513E+01
  0.26522977E+01 -0.36246648E+01
  0.26607050E+01 -0.36101421E+01
  0.26691122E+01 -0.35919738E+01
  0.26775195E+01 -0.35704859E+01
  0.26859268E+01 -0.35460127E+01
  0.26943340E+01 -0.35188741E+01
  0.27027413E+01 -0.34893568E+01
  0.27111485E+01 -0.34577026E+01
  0.27195558E+01 -0.34241035E+01
  0.27279631E+01 -0.33887028E+01
  0.27363703E+01 -0.33516013E+01
  0.27447776E+01 -0.33128666E+01
  0.27531848E+01 -0.32725444E+01
  0.27615921E+01 -0.32306703E+01
  0.27699994E+01 -0.31872807E+01
  0.27784066E+01 -0.31424215E+01
  0.27868139E+01 -0.30961551E+01
  0.27952212E+01 -0.30485636E+01
  0.28036284E+01 -0.29997501E+01
  0.28120357E+01 -0.29498364E+01
  0.28204429E+01 -0.28989590E+01
  0.28288502E+01 -0.28472630E+01
  0.28372575E+01 -0.27948950E+01
  0.28456647E+01 -0.27419954E+01
  0.28540720E+01 -0.26886917E+01
  0.28624792E+01 -0.26350924E+01
  0.28708865E+01 -0.25812829E+01
  0.28792938E+01 -0.25273237E+01
  0.28877010E+01 -0.24732500E+01
  0.28961083E+01 -0.24190745E+01
  0.29045156E+01 -0.23647910E+01
  0.29129228E+01 -0.23103801E+01
  0.29213301E+01 -0.22558148E+01
  0.29297373E+01 -0.22010671E+01
  0.29381446E+01 -0.21803926E+01
  0.29465519E+01 -0.21761791E+01
  0.29549591E+01 -0.21719207E+01
  0.29633664E+01 -0.21676208E+01
  0.29717736E+01 -0.21632836E+01
  0.29801809E+01 -0.21589150E+01
  0.29885882E+01 -0.21545218E+01
  0.29969954E+01 -0.21501124E+01
  0.30054027E+01 -0.21456963E+01
  0.30138100E+01 -0.21412839E+01
  0.30222172E+01 -0.21368864E+01
  0.30306245E+01 -0.21325150E+01
  0.30390317E+01 -0.21281809E+01
  0.30474390E+01 -0.21238945E+01
  0.30558463E+01 -0.21196652E+01
  0.30642535E+01 -0.21155012E+01
  0.30726608E+01 -0.21114089E+01
  0.30810680E+01 -0.21073932E+01
  0.30894753E+01 -0.21034574E+01
  0.30978826E+01 -0.20996033E+01
  0.31062898E+01 -0.20958319E+01
  0.31146971E+01 -0.20921432E+01
  0.31231044E+01 -0.20885375E+01
  0.31315116E+01 -0.20850152E+01
  0.31399189E+01 -0.20815776E+01
  0.31483261E+01 -0.20782271E+01
  0.31567334E+01 -0.20749678E+01
  0.31651407E+01 -0.20718054E+01
  0.31735479E+01 -0.20687470E+01
  0.31819552E+01 -0.20658016E+01
  0.31903624E+01 -0.20629791E+01
  0.31987697E+01 -0.20602907E+01
  0.32071770E+01 -0.20577477E+01
  0.32155842E+01 -0.20553616E+01
  0.32239915E+01 -0.20531435E+01
  0.32323988E+01 -0.20511032E+01
  0.32408060E+01 -0.20492492E+01
  0.32492133E+01 -0.20475882E+01
  0.32576205E+01 -0.20461248E+01
  0.32660278E+01 -0.20448612E+01
  0.32744351E+01 -0.20437974E+01
  0.32828423E+01 -0.20429312E+01
  0.32912496E+01 -0.20422587E+01
  0.32996568E+01 -0.20417741E+01
  0.33080641E+01 -0.20414710E+01
  0.33164714E+01 -0.20413421E+01
  0.33248557E+01 -0.20413804E+01
  0.33332399E+01 -0.20431371E+01
  0.33416242E+01 -0.20483591E+01
  0.33500085E+01 -0.20570113E+01
  0.33583928E+01 -0.20690372E+01
  0.33667771E+01 -0.20843605E+01
  0.33751614E+01 -0.21028864E+01
  0.33835457E+01 -0.21245042E+01
  0.33919300E+01 -0.21490898E+01
  0.34003143E+01 -0.21765083E+01
  0.34086985E+01 -0.22066161E+01
  0.34170828E+01 -0.22392643E+01
  0.34254671E+01 -0.22743006E+01
  0.34338514E+01 -0.23115716E+01
  0.34422357E+01 -0.23509251E+01
  0.34506200E+01 -0.23922118E+01
  0.34590043E+01 -0.24352868E+01
  0.34673886E+01 -0.24800105E+01
  0.34757728E+01 -0.25262501E+01
  0.34841571E+01 -0.25738797E+01
  0.34925414E+01 -0.26227809E+01
  0.35009257E+01 -0.26728429E+01
  0.35093100E+01 -0.27239626E+01
  0.35176943E+01 -0.27760441E+01
  0.35260786E+01 -0.28289990E+01
  0.35344629E+01 -0.28827454E+01
  0.35428471E+01 -0.29372079E+01
  0.35512314E+01 -0.29923171E+01
  0.35596157E+01 -0.30480086E+01
  0.35680000E+01 -0.31042231E+01
  0.35763843E+01 -0.31609054E+01
  0.35847686E+01 -0.32180039E+01
  0.35931529E+01 -0.32754700E+01
  0.36015372E+01 -0.33332581E+01
  0.36099214E+01 -0.33913245E+01
  0.36183057E+01 -0.34496280E+01
  0.36266900E+01 -0.35081286E+01
  0.36350743E+01 -0.35667885E+01
  0.36434586E+01 -0.36255711E+01
  0.36518429E+01 -0.36844415E+01
  0.36602272E+01 -0.37433661E+01
  0.36686115E+01 -0.38023130E+01
  0.36769957E+01 -0.38612514E+01
  0.36853800E+01 -0.39201517E+01
  0.36937643E+01 -0.39789855E+01
  0.37021486E+01 -0.40377255E+01
  0.37105329E+01 -0.40963450E+01
  0.37189172E+01 -0.41548182E+01
  0.37273015E+01 -0.42131200E+01
  0.37356858E+01 -0.42712261E+01
  0.37440701E+01 -0.43291127E+01
  0.37524543E+01 -0.43867568E+01
  0.37608386E+01 -0.44441364E+01
  0.37692229E+01 -0.45012301E+01
  0.37776072E+01 -0.45580171E+01
  0.37859915E+01 -0.46144776E+01
  0.37943758E+01 -0.46705920E+01
  0.38027601E+01 -0.47263412E+01
  0.38111444E+01 -0.47817063E+01
  0.38195286E+01 -0.48366683E+01
  0.38279129E+01 -0.48912078E+01
  0.38362972E+01 -0.49453050E+01
  0.38446815E+01 -0.49989395E+01
  0.38530658E+01 -0.50520900E+01
  0.38614501E+01 -0.51047344E+01
  0.38698344E+01 -0.51568498E+01
  0.38782187E+01 -0.52084122E+01
  0.38866029E+01 -0.52593967E+01
  0.38949872E+01 -0.53097770E+01
  0.39033715E+01 -0.53595262E+01
  0.39117558E+01 -0.54086156E+01
  0.39201401E+01 -0.54570154E+01
  0.39285244E+01 -0.55046942E+01
  0.39369087E+01 -0.55516187E+01
  0.39452930E+01 -0.55977536E+01
  0.39536772E+01 -0.56430613E+01
  0.39620615E+01 -0.56875016E+01
  0.39704458E+01 -0.57310310E+01
  0.39788301E+01 -0.57736030E+01
  0.39872144E+01 -0.58151671E+01
  0.39955987E+01 -0.58556686E+01
  0.40039830E+01 -0.58950480E+01
  0.40123673E+01 -0.59332410E+01
  0.40207516E+01 -0.59701779E+01
  0.40291358E+01 -0.60057831E+01
  0.40375201E+01 -0.60399754E+01
  0.40459044E+01 -0.60726677E+01
  0.40542887E+01 -0.61037672E+01
  0.40626730E+01 -0.61331757E+01
  0.40710573E+01 -0.61607907E+01
  0.40794416E+01 -0.61865058E+01
  0.40878259E+01 -0.62102124E+01
  0.40962101E+01 -0.62318009E+01
  0.41045944E+01 -0.62511635E+01
  0.41129787E+01 -0.62681956E+01
  0.41213630E+01 -0.62827990E+01
  0.41297473E+01 -0.62948844E+01
  0.41381316E+01 -0.63043742E+01
  0.41465159E+01 -0.63112051E+01
  0.41549002E+01 -0.63153302E+01
  0.41632844E+01 -0.63167208E+01
  
  0.00000000E+00 -0.22709080E+01
  0.83842878E-02 -0.22693417E+01
  0.16768576E-01 -0.22646522E+01
  0.25152864E-01 -0.22569203E+01
  0.33537151E-01 -0.22462748E+01
  0.41921439E-01 -0.22328828E+01
  0.50305727E-01 -0.22169390E+01
  0.58690015E-01 -0.21986543E+01
  0.67074303E-01 -0.21782469E+01
  0.75458591E-01 -0.21559335E+01
  0.83842878E-01 -0.21319239E+01
  0.92227166E-01 -0.21064173E+01
  0.10061145E+00 -0.20796002E+01
  0.10899574E+00 -0.20516458E+01
  0.11738003E+00 -0.20227143E+01
  0.12576432E+00 -0.19929534E+01
  0.13414861E+00 -0.19624996E+01
  0.14253289E+00 -0.19314786E+01
  0.15091718E+00 -0.19000061E+01
  0.15930147E+00 -0.18681882E+01
  0.16768576E+00 -0.18361214E+01
  0.17607004E+00 -0.18038924E+01
  0.18445433E+00 -0.17715778E+01
  0.19283862E+00 -0.17392443E+01
  0.20122291E+00 -0.17069481E+01
  0.20960720E+00 -0.16747351E+01
  0.21799148E+00 -0.16426414E+01
  0.22637577E+00 -0.16106938E+01
  0.23476006E+00 -0.15789105E+01
  0.24314435E+00 -0.15473030E+01
  0.25152864E+00 -0.15158764E+01
  0.25991292E+00 -0.14846319E+01
  0.26829721E+00 -0.14535678E+01
  0.27668150E+00 -0.14226811E+01
  0.28506579E+00 -0.13919690E+01
  0.29345007E+00 -0.13614302E+01
  0.30183436E+00 -0.13310658E+01
  0.31021865E+00 -0.13008798E+01
  0.31860294E+00 -0.12708801E+01
  0.32698723E+00 -0.12410780E+01
  0.33537151E+00 -0.12114885E+01
  0.34375580E+00 -0.11821295E+01
  0.35214009E+00 -0.11530215E+01
  0.36052438E+00 -0.11241864E+01
  0.36890866E+00 -0.10956472E+01
  0.37729295E+00 -0.10674266E+01
  0.38567724E+00 -0.10395462E+01
  0.39406153E+00 -0.10120265E+01
  0.40244582E+00 -0.98488613E+00
  0.41083010E+00 -0.95814251E+00
  0.41921439E+00 -0.93181284E+00
  0.42759868E+00 -0.90591756E+00
  0.43598297E+00 -0.88048869E+00
  0.44436726E+00 -0.85559534E+00
  0.45275154E+00 -0.83144837E+00
  0.46113583E+00 -0.80916980E+00
  0.46952012E+00 -0.80808186E+00
  0.47790441E+00 -0.86280300E+00
  0.48628869E+00 -0.92280904E+00
  0.49467298E+00 -0.98178376E+00
  0.50305727E+00 -0.10393476E+01
  0.51144156E+00 -0.10955598E+01
  0.51982585E+00 -0.11505681E+01
  0.52821013E+00 -0.12045432E+01
  0.53659442E+00 -0.12576575E+01
  0.54497871E+00 -0.13100755E+01
  0.55336300E+00 -0.13619466E+01
  0.56174729E+00 -0.14134015E+01
  0.57013157E+00 -0.14645485E+01
  0.57851586E+00 -0.15154718E+01
  0.58690015E+00 -0.15662299E+01
  0.59528444E+00 -0.16168558E+01
  0.60366872E+00 -0.16673577E+01
  0.61205301E+00 -0.17177202E+01
  0.62043730E+00 -0.17679065E+01
  0.62882159E+00 -0.18178613E+01
  0.63720588E+00 -0.18675135E+01
  0.64559016E+00 -0.19167797E+01
  0.65397445E+00 -0.19655672E+01
  0.66235874E+00 -0.20137773E+01
  0.67074303E+00 -0.20613079E+01
  0.67912732E+00 -0.21080554E+01
  0.68751160E+00 -0.21539165E+01
  0.69589589E+00 -0.21987886E+01
  0.70428018E+00 -0.22425694E+01
  0.71266447E+00 -0.22851557E+01
  0.72104875E+00 -0.23264409E+01
  0.72943304E+00 -0.23663119E+01
  0.73781733E+00 -0.24046448E+01
  0.74620162E+00 -0.24412999E+01
  0.75458591E+00 -0.24761167E+01
  0.76297019E+00 -0.25089084E+01
  0.77135448E+00 -0.25394580E+01
  0.77973877E+00 -0.25675147E+01
  0.78812306E+00 -0.25927953E+01
  0.79650734E+00 -0.26149885E+01
  0.80489163E+00 -0.26337664E+01
  0.81327592E+00 -0.26488031E+01
  0.82166021E+00 -0.26597993E+01
  0.83004450E+00 -0.26665117E+01
  0.83845176E+00 -0.26687809E+01
  0.84685902E+00 -0.26689680E+01
  0.85526628E+00 -0.26696644E+01
  0.86367354E+00 -0.26708734E+01
  0.87208080E+00 -0.26725987E+01
  0.88048807E+00 -0.26748438E+01
  0.88889533E+00 -0.26776117E+01
  0.89730259E+00 -0.26809042E+01
  0.90570985E+00 -0.26847221E+01
  0.91411711E+00 -0.26890641E+01
  0.92252437E+00 -0.26939271E+01
  0.93093163E+00 -0.26993056E+01
  0.93933890E+00 -0.27051921E+01
  0.94774616E+00 -0.27115768E+01
  0.95615342E+00 -0.27184476E+01
  0.96456068E+00 -0.27257906E+01
  0.97296794E+00 -0.27335904E+01
  0.98137520E+00 -0.27418301E+01
  0.98978247E+00 -0.27504919E+01
  0.99818973E+00 -0.27595572E+01
  0.10065970E+01 -0.27690073E+01
  0.10150043E+01 -0.27788233E+01
  0.10234115E+01 -0.27889863E+01
  0.10318188E+01 -0.27994780E+01
  0.10402260E+01 -0.28102805E+01
  0.10486333E+01 -0.28213764E+01
  0.10570406E+01 -0.28327488E+01
  0.10654478E+01 -0.28443814E+01
  0.10738551E+01 -0.28562584E+01
  0.10822623E+01 -0.28683643E+01
  0.10906696E+01 -0.28806841E+01
  0.10990769E+01 -0.28932029E+01
  0.11074841E+01 -0.29059058E+01
  0.11158914E+01 -0.29187780E+01
  0.11242987E+01 -0.29318045E+01
  0.11327059E+01 -0.29449700E+01
  0.11411132E+01 -0.29582591E+01
  0.11495204E+01 -0.29716558E+01
  0.11579277E+01 -0.29851436E+01
  0.11663350E+01 -0.29987054E+01
  0.11747422E+01 -0.30123238E+01
  0.11831495E+01 -0.30259804E+01
  0.11915567E+01 -0.30396564E+01
  0.11999640E+01 -0.30533324E+01
  0.12083713E+01 -0.30669882E+01
  0.12167785E+01 -0.30806035E+01
  0.12251858E+01 -0.30941572E+01
  0.12335931E+01 -0.31076282E+01
  0.12420003E+01 -0.31209951E+01
  0.12504076E+01 -0.31342365E+01
  0.12588148E+01 -0.31473311E+01
  0.12672221E+01 -0.31602583E+01
  0.12756294E+01 -0.31729976E+01
  0.12840366E+01 -0.31855293E+01
  0.12924439E+01 -0.31978346E+01
  0.13008511E+01 -0.32098955E+01
  0.13092584E+01 -0.32216951E+01
  0.13176657E+01 -0.32332172E+01
  0.13260729E+01 -0.32444468E+01
  0.13344802E+01 -0.32553696E+01
  0.13428875E+01 -0.32659722E+01
  0.13512947E+01 -0.32762416E+01
  0.13597020E+01 -0.32861654E+01
  0.13681092E+01 -0.32957314E+01
  0.13765165E+01 -0.33049278E+01
  0.13849238E+01 -0.33137425E+01
  0.13933310E+01 -0.33221636E+01
  0.14017383E+01 -0.33301790E+01
  0.14101455E+01 -0.33377767E+01
  0.14185528E+01 -0.33449447E+01
  0.14269601E+01 -0.33516712E+01
  0.14353673E+01 -0.33579448E+01
  0.14437746E+01 -0.33637544E+01
  0.14521819E+01 -0.33690898E+01
  0.14605891E+01 -0.33739418E+01
  0.14689964E+01 -0.33783020E+01
  0.14774036E+01 -0.33821632E+01
  0.14858109E+01 -0.33855195E+01
  0.14942182E+01 -0.33883661E+01
  0.15026254E+01 -0.33906996E+01
  0.15110327E+01 -0.33925174E+01
  0.15194399E+01 -0.33938181E+01
  0.15278472E+01 -0.33946010E+01
  0.15362381E+01 -0.33948660E+01
  0.15446291E+01 -0.33943159E+01
  0.15530200E+01 -0.33926780E+01
  0.15614109E+01 -0.33899546E+01
  0.15698019E+01 -0.33861492E+01
  0.15781928E+01 -0.33812661E+01
  0.15865837E+01 -0.33753099E+01
  0.15949747E+01 -0.33682855E+01
  0.16033656E+01 -0.33601980E+01
  0.16117565E+01 -0.33510524E+01
  0.16201475E+01 -0.33408530E+01
  0.16285384E+01 -0.33296041E+01
  0.16369294E+01 -0.33173093E+01
  0.16453203E+01 -0.33039715E+01
  0.16537112E+01 -0.32895932E+01
  0.16621022E+01 -0.32741761E+01
  0.16704931E+01 -0.32577213E+01
  0.16788840E+01 -0.32402291E+01
  0.16872750E+01 -0.32216993E+01
  0.16956659E+01 -0.32021313E+01
  0.17040568E+01 -0.31815239E+01
  0.17124478E+01 -0.31598758E+01
  0.17208387E+01 -0.31371861E+01
  0.17292296E+01 -0.31134542E+01
  0.17376206E+01 -0.30886811E+01
  0.17460115E+01 -0.30628692E+01
  0.17544024E+01 -0.30360236E+01
  0.17627934E+01 -0.30081521E+01
  0.17711843E+01 -0.29792661E+01
  0.17795752E+01 -0.29493803E+01
  0.17879662E+01 -0.29185133E+01
  0.17963571E+01 -0.28866868E+01
  0.18047480E+01 -0.28539257E+01
  0.18131390E+01 -0.28202569E+01
  0.18215299E+01 -0.27857086E+01
  0.18299208E+01 -0.27503094E+01
  0.18383118E+01 -0.27140875E+01
  0.18467027E+01 -0.26770698E+01
  0.18550936E+01 -0.26392812E+01
  0.18634846E+01 -0.26007449E+01
  0.18718755E+01 -0.25614814E+01
  0.18802664E+01 -0.25215098E+01
  0.18886574E+01 -0.24808474E+01
  0.18970483E+01 -0.24395112E+01
  0.19054392E+01 -0.23975180E+01
  0.19138302E+01 -0.23548855E+01
  0.19222211E+01 -0.23116328E+01
  0.19306121E+01 -0.22677811E+01
  0.19390030E+01 -0.22233534E+01
  0.19473939E+01 -0.21783748E+01
  0.19557849E+01 -0.21328721E+01
  0.19641758E+01 -0.20868736E+01
  0.19725667E+01 -0.20404080E+01
  0.19809577E+01 -0.19935049E+01
  0.19893486E+01 -0.19461945E+01
  0.19977395E+01 -0.18985081E+01
  0.20061305E+01 -0.18504796E+01
  0.20145214E+01 -0.18021473E+01
  0.20229123E+01 -0.17535569E+01
  0.20313033E+01 -0.17047645E+01
  0.20396942E+01 -0.16558411E+01
  0.20480851E+01 -0.16068771E+01
  0.20564761E+01 -0.15579868E+01
  0.20648670E+01 -0.15093133E+01
  0.20732579E+01 -0.14610334E+01
  0.20816489E+01 -0.14133613E+01
  0.20900398E+01 -0.13665517E+01
  0.20984307E+01 -0.13209018E+01
  0.21068217E+01 -0.12767507E+01
  0.21152126E+01 -0.12344766E+01
  0.21236035E+01 -0.11944909E+01
  0.21319945E+01 -0.11572280E+01
  0.21403854E+01 -0.11231315E+01
  0.21487763E+01 -0.10926359E+01
  0.21571673E+01 -0.10661458E+01
  0.21655582E+01 -0.10440136E+01
  0.21739491E+01 -0.10265179E+01
  0.21823401E+01 -0.10138469E+01
  0.21907310E+01 -0.10060878E+01
  0.21991219E+01 -0.10032241E+01
  0.22075129E+01 -0.10051414E+01
  0.22159038E+01 -0.10116393E+01
  0.22242948E+01 -0.10224473E+01
  0.22326857E+01 -0.10372426E+01
  0.22410766E+01 -0.10556673E+01
  0.22494676E+01 -0.10773443E+01
  0.22578585E+01 -0.11018900E+01
  0.22662494E+01 -0.11289265E+01
  0.22746404E+01 -0.11580909E+01
  0.22830313E+01 -0.11890423E+01
  0.22914222E+01 -0.12214687E+01
  0.22998132E+01 -0.12550902E+01
  0.23082041E+01 -0.12896615E+01
  0.23165950E+01 -0.13249720E+01
  0.23249860E+01 -0.13608444E+01
  0.23333769E+01 -0.13971307E+01
  0.23417678E+01 -0.14337082E+01
  0.23501588E+01 -0.14704742E+01
  0.23585497E+01 -0.15073401E+01
  0.23669406E+01 -0.15442262E+01
  0.23753316E+01 -0.15810566E+01
  0.23837225E+01 -0.16177550E+01
  0.23921134E+01 -0.16542421E+01
  0.24005044E+01 -0.16904333E+01
  0.24088953E+01 -0.17262386E+01
  0.24172862E+01 -0.17615632E+01
  0.24256772E+01 -0.17963093E+01
  0.24340681E+01 -0.18303793E+01
  0.24424590E+01 -0.18636783E+01
  0.24508500E+01 -0.18961168E+01
  0.24592409E+01 -0.19276133E+01
  0.24676318E+01 -0.19580947E+01
  0.24760228E+01 -0.19874965E+01
  0.24844137E+01 -0.20157614E+01
  0.24928046E+01 -0.20428373E+01
  0.25011956E+01 -0.20686746E+01
  0.25095865E+01 -0.20932240E+01
  0.25179775E+01 -0.21164343E+01
  0.25263684E+01 -0.21382512E+01
  0.25347593E+01 -0.21586174E+01
  0.25431503E+01 -0.21774724E+01
  0.25515412E+01 -0.21947547E+01
  0.25599321E+01 -0.22104028E+01
  0.25683231E+01 -0.22243581E+01
  0.25767140E+01 -0.22365660E+01
  0.25851049E+01 -0.22469779E+01
  0.25934959E+01 -0.22555523E+01
  0.26018868E+01 -0.22622552E+01
  0.26102777E+01 -0.22670602E+01
  0.26186687E+01 -0.22699483E+01
  0.26270759E+01 -0.22709080E+01
  0.26354832E+01 -0.22708295E+01
  0.26438904E+01 -0.22705948E+01
  0.26522977E+01 -0.22702035E+01
  0.26607050E+01 -0.22696559E+01
  0.26691122E+01 -0.22689529E+01
  0.26775195E+01 -0.22680962E+01
  0.26859268E+01 -0.22670883E+01
  0.26943340E+01 -0.22659322E+01
  0.27027413E+01 -0.22646314E+01
  0.27111485E+01 -0.22631897E+01
  0.27195558E+01 -0.22616107E+01
  0.27279631E+01 -0.22598979E+01
  0.27363703E+01 -0.22580545E+01
  0.27447776E+01 -0.22560830E+01
  0.27531848E+01 -0.22539853E+01
  0.27615921E+01 -0.22517627E+01
  0.27699994E+01 -0.22494162E+01
  0.27784066E+01 -0.22469463E+01
  0.27868139E+01 -0.22443534E+01
  0.27952212E+01 -0.22416384E+01
  0.28036284E+01 -0.22388022E+01
  0.28120357E+01 -0.22358468E+01
  0.28204429E+01 -0.22327747E+01
  0.28288502E+01 -0.22295894E+01
  0.28372575E+01 -0.22262955E+01
  0.28456647E+01 -0.22228982E+01
  0.28540720E+01 -0.22194034E+01
  0.28624792E+01 -0.22158176E+01
  0.28708865E+01 -0.22121474E+01
  0.28792938E+01 -0.22083990E+01
  0.28877010E+01 -0.22045786E+01
  0.28961083E+01 -0.22006915E+01
  0.29045156E+01 -0.21967423E+01
  0.29129228E+01 -0.21927348E+01
  0.29213301E+01 -0.21886722E+01
  0.29297373E+01 -0.21845563E+01
  0.29381446E+01 -0.21461093E+01
  0.29465519E+01 -0.20909290E+01
  0.29549591E+01 -0.20355186E+01
  0.29633664E+01 -0.19798850E+01
  0.29717736E+01 -0.19240470E+01
  0.29801809E+01 -0.18680343E+01
  0.29885882E+01 -0.18118842E+01
  0.29969954E+01 -0.17556390E+01
  0.30054027E+01 -0.16993423E+01
  0.30138100E+01 -0.16430360E+01
  0.30222172E+01 -0.15867576E+01
  0.30306245E+01 -0.15305386E+01
  0.30390317E+01 -0.14744037E+01
  0.30474390E+01 -0.14183709E+01
  0.30558463E+01 -0.13624527E+01
  0.30642535E+01 -0.13066580E+01
  0.30726608E+01 -0.12509939E+01
  0.30810680E+01 -0.11954680E+01
  0.30894753E+01 -0.11400905E+01
  0.30978826E+01 -0.10848757E+01
  0.31062898E+01 -0.10298431E+01
  0.31146971E+01 -0.97501767E+00
  0.31231044E+01 -0.92042933E+00
  0.31315116E+01 -0.86611260E+00
  0.31399189E+01 -0.81210528E+00
  0.31483261E+01 -0.75844748E+00
  0.31567334E+01 -0.70518072E+00
  0.31651407E+01 -0.65234757E+00
  0.31735479E+01 -0.59999209E+00
  0.31819552E+01 -0.54816111E+00
  0.31903624E+01 -0.49690664E+00
  0.31987697E+01 -0.44628939E+00
  0.32071770E+01 -0.39638355E+00
  0.32155842E+01 -0.34728281E+00
  0.32239915E+01 -0.29910774E+00
  0.32323988E+01 -0.25201469E+00
  0.32408060E+01 -0.20620641E+00
  0.32492133E+01 -0.16194459E+00
  0.32576205E+01 -0.11956463E+00
  0.32660278E+01 -0.79492145E-01
  0.32744351E+01 -0.42259651E-01
  0.32828423E+01 -0.85196429E-02
  0.32912496E+01  0.20954218E-01
  0.32996568E+01  0.45290878E-01
  0.33080641E+01  0.63586639E-01
  0.33164714E+01  0.75019785E-01
  0.33248557E+01  0.78999947E-01
  0.33332399E+01  0.77839218E-01
  0.33416242E+01  0.74625690E-01
  0.33500085E+01  0.69365807E-01
  0.33583928E+01  0.62069719E-01
  0.33667771E+01  0.52751313E-01
  0.33751614E+01  0.41428178E-01
  0.33835457E+01  0.28121498E-01
  0.33919300E+01  0.12855868E-01
  0.34003143E+01 -0.43409797E-02
  0.34086985E+01 -0.23438501E-01
  0.34170828E+01 -0.44403721E-01
  0.34254671E+01 -0.67201617E-01
  0.34338514E+01 -0.91795505E-01
  0.34422357E+01 -0.11814737E+00
  0.34506200E+01 -0.14621817E+00
  0.34590043E+01 -0.17596799E+00
  0.34673886E+01 -0.20735621E+00
  0.34757728E+01 -0.24034151E+00
  0.34841571E+01 -0.27488182E+00
  0.34925414E+01 -0.31093419E+00
  0.35009257E+01 -0.34845458E+00
  0.35093100E+01 -0.38739770E+00
  0.35176943E+01 -0.42771668E+00
  0.35260786E+01 -0.46936289E+00
  0.35344629E+01 -0.51228569E+00
  0.35428471E+01 -0.55643231E+00
  0.35512314E+01 -0.60174765E+00
  0.35596157E+01 -0.64817434E+00
  0.35680000E+01 -0.69565268E+00
  0.35763843E+01 -0.74412082E+00
  0.35847686E+01 -0.79351486E+00
  0.35931529E+01 -0.84376914E+00
  0.36015372E+01 -0.89481651E+00
  0.36099214E+01 -0.94658864E+00
  0.36183057E+01 -0.99901637E+00
  0.36266900E+01 -0.10520300E+01
  0.36350743E+01 -0.11055599E+01
  0.36434586E+01 -0.11595364E+01
  0.36518429E+01 -0.12138904E+01
  0.36602272E+01 -0.12685538E+01
  0.36686115E+01 -0.13234591E+01
  0.36769957E+01 -0.13785406E+01
  0.36853800E+01 -0.14337334E+01
  0.36937643E+01 -0.14889745E+01
  0.37021486E+01 -0.15442025E+01
  0.37105329E+01 -0.15993574E+01
  0.37189172E+01 -0.16543810E+01
  0.37273015E+01 -0.17092169E+01
  0.37356858E+01 -0.17638103E+01
  0.37440701E+01 -0.18181079E+01
  0.37524543E+01 -0.18720581E+01
  0.37608386E+01 -0.19256109E+01
  0.37692229E+01 -0.19787180E+01
  0.37776072E+01 -0.20313323E+01
  0.37859915E+01 -0.20834087E+01
  0.37943758E+01 -0.21349034E+01
  0.38027601E+01 -0.21857742E+01
  0.38111444E+01 -0.22359808E+01
  0.38195286E+01 -0.22854843E+01
  0.38279129E+01 -0.23342478E+01
  0.38362972E+01 -0.23822359E+01
  0.38446815E+01 -0.24294152E+01
  0.38530658E+01 -0.24757537E+01
  0.38614501E+01 -0.25212213E+01
  0.38698344E+01 -0.25657893E+01
  0.38782187E+01 -0.26094303E+01
  0.38866029E+01 -0.26521184E+01
  0.38949872E+01 -0.26938286E+01
  0.39033715E+01 -0.27345369E+01
  0.39117558E+01 -0.27742200E+01
  0.39201401E+01 -0.28128554E+01
  0.39285244E+01 -0.28504211E+01
  0.39369087E+01 -0.28868954E+01
  0.39452930E+01 -0.29222573E+01
  0.39536772E+01 -0.29564862E+01
  0.39620615E+01 -0.29895620E+01
  0.39704458E+01 -0.30214651E+01
  0.39788301E+01 -0.30521767E+01
  0.39872144E+01 -0.30816783E+01
  0.39955987E+01 -0.31099526E+01
  0.40039830E+01 -0.31369826E+01
  0.40123673E+01 -0.31627520E+01
  0.40207516E+01 -0.31872453E+01
  0.40291358E+01 -0.32104475E+01
  0.40375201E+01 -0.32323437E+01
  0.40459044E+01 -0.32529198E+01
  0.40542887E+01 -0.32721616E+01
  0.40626730E+01 -0.32900552E+01
  0.40710573E+01 -0.33065867E+01
  0.40794416E+01 -0.33217423E+01
  0.40878259E+01 -0.33355084E+01
  0.40962101E+01 -0.33478715E+01
  0.41045944E+01 -0.33588185E+01
  0.41129787E+01 -0.33683367E+01
  0.41213630E+01 -0.33764144E+01
  0.41297473E+01 -0.33830406E+01
  0.41381316E+01 -0.33882059E+01
  0.41465159E+01 -0.33919023E+01
  0.41549002E+01 -0.33941237E+01
  0.41632844E+01 -0.33948660E+01
  
  0.00000000E+00  0.33456139E+01
  0.83842878E-02  0.33433647E+01
  0.16768576E-01  0.33365556E+01
  0.25152864E-01  0.33252046E+01
  0.33537151E-01  0.33093429E+01
  0.41921439E-01  0.32890143E+01
  0.50305727E-01  0.32642740E+01
  0.58690015E-01  0.32351881E+01
  0.67074303E-01  0.32018313E+01
  0.75458591E-01  0.31642863E+01
  0.83842878E-01  0.31226413E+01
  0.92227166E-01  0.30769889E+01
  0.10061145E+00  0.30274244E+01
  0.10899574E+00  0.29740448E+01
  0.11738003E+00  0.29169475E+01
  0.12576432E+00  0.28562300E+01
  0.13414861E+00  0.27919900E+01
  0.14253289E+00  0.27243250E+01
  0.15091718E+00  0.26533340E+01
  0.15930147E+00  0.25791180E+01
  0.16768576E+00  0.25017815E+01
  0.17607004E+00  0.24214346E+01
  0.18445433E+00  0.23381941E+01
  0.19283862E+00  0.22521858E+01
  0.20122291E+00  0.21635460E+01
  0.20960720E+00  0.20724230E+01
  0.21799148E+00  0.19789784E+01
  0.22637577E+00  0.18833880E+01
  0.23476006E+00  0.17858422E+01
  0.24314435E+00  0.16865466E+01
  0.25152864E+00  0.15857207E+01
  0.25991292E+00  0.14835980E+01
  0.26829721E+00  0.13804241E+01
  0.27668150E+00  0.12764550E+01
  0.28506579E+00  0.11719554E+01
  0.29345007E+00  0.10671955E+01
  0.30183436E+00  0.96244892E+00
  0.31021865E+00  0.85798962E+00
  0.31860294E+00  0.75408875E+00
  0.32698723E+00  0.65101187E+00
  0.33537151E+00  0.54901598E+00
  0.34375580E+00  0.44834679E+00
  0.35214009E+00  0.34923610E+00
  0.36052438E+00  0.25189937E+00
  0.36890866E+00  0.15653355E+00
  0.37729295E+00  0.63315039E-01
  0.38567724E+00 -0.27602082E-01
  0.39406153E+00 -0.11608758E+00
  0.40244582E+00 -0.20203623E+00
  0.41083010E+00 -0.28536849E+00
  0.41921439E+00 -0.36603011E+00
  0.42759868E+00 -0.44398970E+00
  0.43598297E+00 -0.51923097E+00
  0.44436726E+00 -0.59172751E+00
  0.45275154E+00 -0.66133806E+00
  0.46113583E+00 -0.72703637E+00
  0.46952012E+00 -0.76962082E+00
  0.47790441E+00 -0.75461638E+00
  0.48628869E+00 -0.73271060E+00
  0.49467298E+00 -0.71039943E+00
  0.50305727E+00 -0.68825444E+00
  0.51144156E+00 -0.66641576E+00
  0.51982585E+00 -0.64493756E+00
  0.52821013E+00 -0.62384806E+00
  0.53659442E+00 -0.60316553E+00
  0.54497871E+00 -0.58290345E+00
  0.55336300E+00 -0.56307245E+00
  0.56174729E+00 -0.54368092E+00
  0.57013157E+00 -0.52473527E+00
  0.57851586E+00 -0.50624003E+00
  0.58690015E+00 -0.48819812E+00
  0.59528444E+00 -0.47061115E+00
  0.60366872E+00 -0.45347991E+00
  0.61205301E+00 -0.43680505E+00
  0.62043730E+00 -0.42058783E+00
  0.62882159E+00 -0.40483097E+00
  0.63720588E+00 -0.38953949E+00
  0.64559016E+00 -0.37472150E+00
  0.65397445E+00 -0.36038885E+00
  0.66235874E+00 -0.34655766E+00
  0.67074303E+00 -0.33324850E+00
  0.67912732E+00 -0.32048640E+00
  0.68751160E+00 -0.30830042E+00
  0.69589589E+00 -0.29672301E+00
  0.70428018E+00 -0.28578899E+00
  0.71266447E+00 -0.27553422E+00
  0.72104875E+00 -0.26599406E+00
  0.72943304E+00 -0.25720172E+00
  0.73781733E+00 -0.24918647E+00
  0.74620162E+00 -0.24197197E+00
  0.75458591E+00 -0.23557475E+00
  0.76297019E+00 -0.23000302E+00
  0.77135448E+00 -0.22525583E+00
  0.77973877E+00 -0.22132286E+00
  0.78812306E+00 -0.21818459E+00
  0.79650734E+00 -0.21581314E+00
  0.80489163E+00 -0.21417364E+00
  0.81327592E+00 -0.21322598E+00
  0.82166021E+00 -0.21292693E+00
  0.83004450E+00 -0.21323246E+00
  0.83845176E+00 -0.21410001E+00
  0.84685902E+00 -0.21313106E+00
  0.85526628E+00 -0.20902053E+00
  0.86367354E+00 -0.20177833E+00
  0.87208080E+00 -0.19143956E+00
  0.88048807E+00 -0.17806241E+00
  0.88889533E+00 -0.16172467E+00
  0.89730259E+00 -0.14251934E+00
  0.90570985E+00 -0.12054980E+00
  0.91411711E+00 -0.95925238E-01
  0.92252437E+00 -0.68756642E-01
  0.93093163E+00 -0.39153733E-01
  0.93933890E+00 -0.72230222E-02
  0.94774616E+00  0.26933085E-01
  0.95615342E+00  0.63216256E-01
  0.96456068E+00  0.10153155E+00
  0.97296794E+00  0.14178639E+00
  0.98137520E+00  0.18388948E+00
  0.98978247E+00  0.22774997E+00
  0.99818973E+00  0.27327698E+00
  0.10065970E+01  0.32037971E+00
  0.10150043E+01  0.36896795E+00
  0.10234115E+01  0.41895312E+00
  0.10318188E+01  0.47024950E+00
  0.10402260E+01  0.52277562E+00
  0.10486333E+01  0.57645546E+00
  0.10570406E+01  0.63121936E+00
  0.10654478E+01  0.68700452E+00
  0.10738551E+01  0.74375488E+00
  0.10822623E+01  0.80142040E+00
  0.10906696E+01  0.85995587E+00
  0.10990769E+01  0.91931927E+00
  0.11074841E+01  0.97946978E+00
  0.11158914E+01  0.10403659E+01
  0.11242987E+01  0.11019637E+01
  0.11327059E+01  0.11642152E+01
  0.11411132E+01  0.12270680E+01
  0.11495204E+01  0.12904646E+01
  0.11579277E+01  0.13543435E+01
  0.11663350E+01  0.14186406E+01
  0.11747422E+01  0.14832912E+01
  0.11831495E+01  0.15482327E+01
  0.11915567E+01  0.16134081E+01
  0.11999640E+01  0.16787689E+01
  0.12083713E+01  0.17442782E+01
  0.12167785E+01  0.18099139E+01
  0.12251858E+01  0.18756700E+01
  0.12335931E+01  0.19415589E+01
  0.12420003E+01  0.20076109E+01
  0.12504076E+01  0.20738736E+01
  0.12588148E+01  0.21404101E+01
  0.12672221E+01  0.22072962E+01
  0.12756294E+01  0.22746157E+01
  0.12840366E+01  0.23424562E+01
  0.12924439E+01  0.24109031E+01
  0.13008511E+01  0.24800340E+01
  0.13092584E+01  0.25499118E+01
  0.13176657E+01  0.26205792E+01
  0.13260729E+01  0.26920521E+01
  0.13344802E+01  0.27643143E+01
  0.13428875E+01  0.28373126E+01
  0.13512947E+01  0.29109531E+01
  0.13597020E+01  0.29850979E+01
  0.13681092E+01  0.30595633E+01
  0.13765165E+01  0.31341197E+01
  0.13849238E+01  0.32084917E+01
  0.13933310E+01  0.32823607E+01
  0.14017383E+01  0.33553675E+01
  0.14101455E+01  0.34271174E+01
  0.14185528E+01  0.34971854E+01
  0.14269601E+01  0.35651233E+01
  0.14353673E+01  0.36304670E+01
  0.14437746E+01  0.36927448E+01
  0.14521819E+01  0.37514861E+01
  0.14605891E+01  0.38062302E+01
  0.14689964E+01  0.38565347E+01
  0.14774036E+01  0.39019836E+01
  0.14858109E+01  0.39421948E+01
  0.14942182E+01  0.39768258E+01
  0.15026254E+01  0.40055798E+01
  0.15110327E+01  0.40282089E+01
  0.15194399E+01  0.40445178E+01
  0.15278472E+01  0.40543659E+01
  0.15362381E+01  0.40576683E+01
  0.15446291E+01  0.40559772E+01
  0.15530200E+01  0.40510166E+01
  0.15614109E+01  0.40427751E+01
  0.15698019E+01  0.40312329E+01
  0.15781928E+01  0.40163662E+01
  0.15865837E+01  0.39981539E+01
  0.15949747E+01  0.39765842E+01
  0.16033656E+01  0.39516623E+01
  0.16117565E+01  0.39234176E+01
  0.16201475E+01  0.38919103E+01
  0.16285384E+01  0.38572362E+01
  0.16369294E+01  0.38195299E+01
  0.16453203E+01  0.37789651E+01
  0.16537112E+01  0.37357535E+01
  0.16621022E+01  0.36901399E+01
  0.16704931E+01  0.36423960E+01
  0.16788840E+01  0.35928119E+01
  0.16872750E+01  0.35416858E+01
  0.16956659E+01  0.34893139E+01
  0.17040568E+01  0.34359791E+01
  0.17124478E+01  0.33819416E+01
  0.17208387E+01  0.33274299E+01
  0.17292296E+01  0.32726344E+01
  0.17376206E+01  0.32177035E+01
  0.17460115E+01  0.31627417E+01
  0.17544024E+01  0.31078112E+01
  0.17627934E+01  0.30529354E+01
  0.17711843E+01  0.29981042E+01
  0.17795752E+01  0.29432816E+01
  0.17879662E+01  0.28884137E+01
  0.17963571E+01  0.28334366E+01
  0.18047480E+01  0.27782849E+01
  0.18131390E+01  0.27228982E+01
  0.18215299E+01  0.26672270E+01
  0.18299208E+01  0.26112363E+01
  0.18383118E+01  0.25549082E+01
  0.18467027E+01  0.24982417E+01
  0.18550936E+01  0.24412519E+01
  0.18634846E+01  0.23839672E+01
  0.18718755E+01  0.23264259E+01
  0.18802664E+01  0.22686730E+01
  0.18886574E+01  0.22107565E+01
  0.18970483E+01  0.21527247E+01
  0.19054392E+01  0.20946241E+01
  0.19138302E+01  0.20364991E+01
  0.19222211E+01  0.19783917E+01
  0.19306121E+01  0.19203434E+01
  0.19390030E+01  0.18623964E+01
  0.19473939E+01  0.18045970E+01
  0.19557849E+01  0.17469974E+01
  0.19641758E+01  0.16896584E+01
  0.19725667E+01  0.16326517E+01
  0.19809577E+01  0.15760608E+01
  0.19893486E+01  0.15199822E+01
  0.19977395E+01  0.14645256E+01
  0.20061305E+01  0.14098135E+01
  0.20145214E+01  0.13559811E+01
  0.20229123E+01  0.13031754E+01
  0.20313033E+01  0.12515552E+01
  0.20396942E+01  0.12012914E+01
  0.20480851E+01  0.11525678E+01
  0.20564761E+01  0.11055829E+01
  0.20648670E+01  0.10605524E+01
  0.20732579E+01  0.10177119E+01
  0.20816489E+01  0.97731955E+00
  0.20900398E+01  0.93965843E+00
  0.20984307E+01  0.90503799E+00
  0.21068217E+01  0.87379334E+00
  0.21152126E+01  0.84628242E+00
  0.21236035E+01  0.82288003E+00
  0.21319945E+01  0.80396830E+00
  0.21403854E+01  0.78992336E+00
  0.21487763E+01  0.78109851E+00
  0.21571673E+01  0.77780469E+00
  0.21655582E+01  0.78029019E+00
  0.21739491E+01  0.78872203E+00
  0.21823401E+01  0.80317166E+00
  0.21907310E+01  0.82360763E+00
  0.21991219E+01  0.84989642E+00
  0.22075129E+01  0.88181120E+00
  0.22159038E+01  0.91904675E+00
  0.22242948E+01  0.96123817E+00
  0.22326857E+01  0.10079802E+01
  0.22410766E+01  0.10588454E+01
  0.22494676E+01  0.11133989E+01
  0.22578585E+01  0.11712108E+01
  0.22662494E+01  0.12318641E+01
  0.22746404E+01  0.12949601E+01
  0.22830313E+01  0.13601226E+01
  0.22914222E+01  0.14269985E+01
  0.22998132E+01  0.14952591E+01
  0.23082041E+01  0.15645990E+01
  0.23165950E+01  0.16347360E+01
  0.23249860E+01  0.17054093E+01
  0.23333769E+01  0.17763782E+01
  0.23417678E+01  0.18474208E+01
  0.23501588E+01  0.19183323E+01
  0.23585497E+01  0.19889234E+01
  0.23669406E+01  0.20590189E+01
  0.23753316E+01  0.21284556E+01
  0.23837225E+01  0.21970815E+01
  0.23921134E+01  0.22647536E+01
  0.24005044E+01  0.23313370E+01
  0.24088953E+01  0.23967040E+01
  0.24172862E+01  0.24607325E+01
  0.24256772E+01  0.25233062E+01
  0.24340681E+01  0.25843135E+01
  0.24424590E+01  0.26436475E+01
  0.24508500E+01  0.27012053E+01
  0.24592409E+01  0.27568879E+01
  0.24676318E+01  0.28105993E+01
  0.24760228E+01  0.28622461E+01
  0.24844137E+01  0.29117369E+01
  0.24928046E+01  0.29589816E+01
  0.25011956E+01  0.30038914E+01
  0.25095865E+01  0.30463785E+01
  0.25179775E+01  0.30863565E+01
  0.25263684E+01  0.31237408E+01
  0.25347593E+01  0.31584495E+01
  0.25431503E+01  0.31904042E+01
  0.25515412E+01  0.32195309E+01
  0.25599321E+01  0.32457614E+01
  0.25683231E+01  0.32690337E+01
  0.25767140E+01  0.32892936E+01
  0.25851049E+01  0.33064948E+01
  0.25934959E+01  0.33205999E+01
  0.26018868E+01  0.33315801E+01
  0.26102777E+01  0.33394157E+01
  0.26186687E+01  0.33440949E+01
  0.26270759E+01  0.33456139E+01
  0.26354832E+01  0.33451071E+01
  0.26438904E+01  0.33434719E+01
  0.26522977E+01  0.33406993E+01
  0.26607050E+01  0.33367784E+01
  0.26691122E+01  0.33316984E+01
  0.26775195E+01  0.33254499E+01
  0.26859268E+01  0.33180265E+01
  0.26943340E+01  0.33094264E+01
  0.27027413E+01  0.32996530E+01
  0.27111485E+01  0.32887158E+01
  0.27195558E+01  0.32766301E+01
  0.27279631E+01  0.32634163E+01
  0.27363703E+01  0.32490994E+01
  0.27447776E+01  0.32337068E+01
  0.27531848E+01  0.32172675E+01
  0.27615921E+01  0.31998097E+01
  0.27699994E+01  0.31813600E+01
  0.27784066E+01  0.31619417E+01
  0.27868139E+01  0.31415741E+01
  0.27952212E+01  0.31202724E+01
  0.28036284E+01  0.30980474E+01
  0.28120357E+01  0.30749067E+01
  0.28204429E+01  0.30508553E+01
  0.28288502E+01  0.30258971E+01
  0.28372575E+01  0.30000358E+01
  0.28456647E+01  0.29732771E+01
  0.28540720E+01  0.29456289E+01
  0.28624792E+01  0.29171032E+01
  0.28708865E+01  0.28877157E+01
  0.28792938E+01  0.28574868E+01
  0.28877010E+01  0.28264408E+01
  0.28961083E+01  0.27946060E+01
  0.29045156E+01  0.27620131E+01
  0.29129228E+01  0.27286948E+01
  0.29213301E+01  0.26946848E+01
  0.29297373E+01  0.26600161E+01
  0.29381446E+01  0.26247210E+01
  0.29465519E+01  0.25888294E+01
  0.29549591E+01  0.25523691E+01
  0.29633664E+01  0.25153648E+01
  0.29717736E+01  0.24778382E+01
  0.29801809E+01  0.24398084E+01
  0.29885882E+01  0.24012919E+01
  0.29969954E+01  0.23623030E+01
  0.30054027E+01  0.23228549E+01
  0.30138100E+01  0.22829595E+01
  0.30222172E+01  0.22426285E+01
  0.30306245E+01  0.22018739E+01
  0.30390317E+01  0.21607080E+01
  0.30474390E+01  0.21191439E+01
  0.30558463E+01  0.20771956E+01
  0.30642535E+01  0.20348779E+01
  0.30726608E+01  0.19922064E+01
  0.30810680E+01  0.19491971E+01
  0.30894753E+01  0.19058670E+01
  0.30978826E+01  0.18622336E+01
  0.31062898E+01  0.18183153E+01
  0.31146971E+01  0.17741320E+01
  0.31231044E+01  0.17297054E+01
  0.31315116E+01  0.16850602E+01
  0.31399189E+01  0.16402249E+01
  0.31483261E+01  0.15952327E+01
  0.31567334E+01  0.15501234E+01
  0.31651407E+01  0.15049440E+01
  0.31735479E+01  0.14597506E+01
  0.31819552E+01  0.14146094E+01
  0.31903624E+01  0.13695988E+01
  0.31987697E+01  0.13248111E+01
  0.32071770E+01  0.12803548E+01
  0.32155842E+01  0.12363578E+01
  0.32239915E+01  0.11929717E+01
  0.32323988E+01  0.11503779E+01
  0.32408060E+01  0.11087955E+01
  0.32492133E+01  0.10684924E+01
  0.32576205E+01  0.10297987E+01
  0.32660278E+01  0.99312418E+00
  0.32744351E+01  0.95897557E+00
  0.32828423E+01  0.92797210E+00
  0.32912496E+01  0.90084941E+00
  0.32996568E+01  0.87843907E+00
  0.33080641E+01  0.86160718E+00
  0.33164714E+01  0.85114302E+00
  0.33248557E+01  0.84761235E+00
  0.33332399E+01  0.84916121E+00
  0.33416242E+01  0.85395361E+00
  0.33500085E+01  0.86195795E+00
  0.33583928E+01  0.87312119E+00
  0.33667771E+01  0.88737028E+00
  0.33751614E+01  0.90461407E+00
  0.33835457E+01  0.92474541E+00
  0.33919300E+01  0.94764343E+00
  0.34003143E+01  0.97317593E+00
  0.34086985E+01  0.10012016E+01
  0.34170828E+01  0.10315722E+01
  0.34254671E+01  0.10641349E+01
  0.34338514E+01  0.10987339E+01
  0.34422357E+01  0.11352130E+01
  0.34506200E+01  0.11734169E+01
  0.34590043E+01  0.12131933E+01
  0.34673886E+01  0.12543946E+01
  0.34757728E+01  0.12968791E+01
  0.34841571E+01  0.13405122E+01
  0.34925414E+01  0.13851676E+01
  0.35009257E+01  0.14307272E+01
  0.35093100E+01  0.14770821E+01
  0.35176943E+01  0.15241318E+01
  0.35260786E+01  0.15717841E+01
  0.35344629E+01  0.16199545E+01
  0.35428471E+01  0.16685658E+01
  0.35512314E+01  0.17175471E+01
  0.35596157E+01  0.17668330E+01
  0.35680000E+01  0.18163635E+01
  0.35763843E+01  0.18660828E+01
  0.35847686E+01  0.19159392E+01
  0.35931529E+01  0.19658841E+01
  0.36015372E+01  0.20158720E+01
  0.36099214E+01  0.20658594E+01
  0.36183057E+01  0.21158048E+01
  0.36266900E+01  0.21656678E+01
  0.36350743E+01  0.22154089E+01
  0.36434586E+01  0.22649892E+01
  0.36518429E+01  0.23143702E+01
  0.36602272E+01  0.23635141E+01
  0.36686115E+01  0.24123835E+01
  0.36769957E+01  0.24609423E+01
  0.36853800E+01  0.25091555E+01
  0.36937643E+01  0.25569904E+01
  0.37021486E+01  0.26044162E+01
  0.37105329E+01  0.26514048E+01
  0.37189172E+01  0.26979307E+01
  0.37273015E+01  0.27439708E+01
  0.37356858E+01  0.27895043E+01
  0.37440701E+01  0.28345118E+01
  0.37524543E+01  0.28789755E+01
  0.37608386E+01  0.29228778E+01
  0.37692229E+01  0.29662014E+01
  0.37776072E+01  0.30089285E+01
  0.37859915E+01  0.30510408E+01
  0.37943758E+01  0.30925190E+01
  0.38027601E+01  0.31333431E+01
  0.38111444E+01  0.31734925E+01
  0.38195286E+01  0.32129465E+01
  0.38279129E+01  0.32516842E+01
  0.38362972E+01  0.32896851E+01
  0.38446815E+01  0.33269294E+01
  0.38530658E+01  0.33633983E+01
  0.38614501E+01  0.33990742E+01
  0.38698344E+01  0.34339407E+01
  0.38782187E+01  0.34679828E+01
  0.38866029E+01  0.35011866E+01
  0.38949872E+01  0.35335395E+01
  0.39033715E+01  0.35650298E+01
  0.39117558E+01  0.35956464E+01
  0.39201401E+01  0.36253789E+01
  0.39285244E+01  0.36542167E+01
  0.39369087E+01  0.36821494E+01
  0.39452930E+01  0.37091659E+01
  0.39536772E+01  0.37352547E+01
  0.39620615E+01  0.37604037E+01
  0.39704458E+01  0.37845999E+01
  0.39788301E+01  0.38078297E+01
  0.39872144E+01  0.38300793E+01
  0.39955987E+01  0.38513343E+01
  0.40039830E+01  0.38715810E+01
  0.40123673E+01  0.38908059E+01
  0.40207516E+01  0.39089968E+01
  0.40291358E+01  0.39261428E+01
  0.40375201E+01  0.39422351E+01
  0.40459044E+01  0.39572669E+01
  0.40542887E+01  0.39712339E+01
  0.40626730E+01  0.39841343E+01
  0.40710573E+01  0.39959690E+01
  0.40794416E+01  0.40067412E+01
  0.40878259E+01  0.40164563E+01
  0.40962101E+01  0.40251214E+01
  0.41045944E+01  0.40327451E+01
  0.41129787E+01  0.40393366E+01
  0.41213630E+01  0.40449053E+01
  0.41297473E+01  0.40494600E+01
  0.41381316E+01  0.40530084E+01
  0.41465159E+01  0.40555569E+01
  0.41549002E+01  0.40571095E+01
  0.41632844E+01  0.40576683E+01
  
