  0.00000000E+00 -0.76025487E+01
  0.83842878E-02 -0.76059508E+01
  0.16768576E-01 -0.76070273E+01
  0.25152864E-01 -0.76057423E+01
  0.33537151E-01 -0.76021500E+01
  0.41921439E-01 -0.75963963E+01
  0.50305727E-01 -0.75887131E+01
  0.58690015E-01 -0.75794039E+01
  0.67074303E-01 -0.75688214E+01
  0.75458591E-01 -0.75573391E+01
  0.83842878E-01 -0.75453192E+01
  0.92227166E-01 -0.75330799E+01
  0.10061145E+00 -0.75208651E+01
  0.10899574E+00 -0.75088208E+01
  0.11738003E+00 -0.74969796E+01
  0.12576432E+00 -0.74852558E+01
  0.13414861E+00 -0.74734525E+01
  0.14253289E+00 -0.74612786E+01
  0.15091718E+00 -0.74483750E+01
  0.15930147E+00 -0.74343480E+01
  0.16768576E+00 -0.74188043E+01
  0.17607004E+00 -0.74013870E+01
  0.18445433E+00 -0.73818063E+01
  0.19283862E+00 -0.73598649E+01
  0.20122291E+00 -0.73354743E+01
  0.20960720E+00 -0.73086611E+01
  0.21799148E+00 -0.72795654E+01
  0.22637577E+00 -0.72484292E+01
  0.23476006E+00 -0.72155790E+01
  0.24314435E+00 -0.71814035E+01
  0.25152864E+00 -0.71463288E+01
  0.25991292E+00 -0.71107926E+01
  0.26829721E+00 -0.70752209E+01
  0.27668150E+00 -0.70400064E+01
  0.28506579E+00 -0.70054918E+01
  0.29345007E+00 -0.69719569E+01
  0.30183436E+00 -0.69396102E+01
  0.31021865E+00 -0.69085853E+01
  0.31860294E+00 -0.68789412E+01
  0.32698723E+00 -0.68506669E+01
  0.33537151E+00 -0.68236883E+01
  0.34375580E+00 -0.67978791E+01
  0.35214009E+00 -0.67730735E+01
  0.36052438E+00 -0.67490803E+01
  0.36890866E+00 -0.67256985E+01
  0.37729295E+00 -0.67027323E+01
  0.38567724E+00 -0.66800057E+01
  0.39406153E+00 -0.66573745E+01
  0.40244582E+00 -0.66347363E+01
  0.41083010E+00 -0.66120364E+01
  0.41921439E+00 -0.65892700E+01
  0.42759868E+00 -0.65664810E+01
  0.43598297E+00 -0.65437563E+01
  0.44436726E+00 -0.65212184E+01
  0.45275154E+00 -0.64990147E+01
  0.46113583E+00 -0.64773068E+01
  0.46952012E+00 -0.64562587E+01
  0.47790441E+00 -0.64360267E+01
  0.48628869E+00 -0.64167509E+01
  0.49467298E+00 -0.63985512E+01
  0.50305727E+00 -0.63815434E+01
  0.51144156E+00 -0.63720788E+01
  0.51982585E+00 -0.64220050E+01
  0.52821013E+00 -0.64734450E+01
  0.53659442E+00 -0.65256656E+01
  0.54497871E+00 -0.65787675E+01
  0.55336300E+00 -0.66328365E+01
  0.56174729E+00 -0.66879245E+01
  0.57013157E+00 -0.67440436E+01
  0.57851586E+00 -0.68011644E+01
  0.58690015E+00 -0.68592158E+01
  0.59528444E+00 -0.69180874E+01
  0.60366872E+00 -0.69776340E+01
  0.61205301E+00 -0.70376812E+01
  0.62043730E+00 -0.70980326E+01
  0.62882159E+00 -0.71584788E+01
  0.63720588E+00 -0.72188048E+01
  0.64559016E+00 -0.72787991E+01
  0.65397445E+00 -0.73382596E+01
  0.66235874E+00 -0.73969985E+01
  0.67074303E+00 -0.74548435E+01
  0.67912732E+00 -0.75116368E+01
  0.68751160E+00 -0.75672294E+01
  0.69589589E+00 -0.76214740E+01
  0.70428018E+00 -0.76742159E+01
  0.71266447E+00 -0.77252849E+01
  0.72104875E+00 -0.77744889E+01
  0.72943304E+00 -0.78216126E+01
  0.73781733E+00 -0.78664197E+01
  0.74620162E+00 -0.79086599E+01
  0.75458591E+00 -0.79480795E+01
  0.76297019E+00 -0.79844320E+01
  0.77135448E+00 -0.80174891E+01
  0.77973877E+00 -0.80470486E+01
  0.78812306E+00 -0.80729397E+01
  0.79650734E+00 -0.80950250E+01
  0.80489163E+00 -0.81131988E+01
  0.81327592E+00 -0.81273846E+01
  0.82166021E+00 -0.81375300E+01
  0.83004450E+00 -0.81436025E+01
  0.83845176E+00 -0.81455852E+01
  0.84685902E+00 -0.81454313E+01
  0.85526628E+00 -0.81447021E+01
  0.86367354E+00 -0.81433956E+01
  0.87208080E+00 -0.81415084E+01
  0.88048807E+00 -0.81390362E+01
  0.88889533E+00 -0.81359736E+01
  0.89730259E+00 -0.81323150E+01
  0.90570985E+00 -0.81280548E+01
  0.91411711E+00 -0.81231884E+01
  0.92252437E+00 -0.81177134E+01
  0.93093163E+00 -0.81116297E+01
  0.93933890E+00 -0.81049413E+01
  0.94774616E+00 -0.80976566E+01
  0.95615342E+00 -0.80897889E+01
  0.96456068E+00 -0.80813572E+01
  0.97296794E+00 -0.80723859E+01
  0.98137520E+00 -0.80629044E+01
  0.98978247E+00 -0.80529464E+01
  0.99818973E+00 -0.80425490E+01
  0.10065970E+01 -0.80317516E+01
  0.10150043E+01 -0.80205944E+01
  0.10234115E+01 -0.80091174E+01
  0.10318188E+01 -0.79973593E+01
  0.10402260E+01 -0.79853567E+01
  0.10486333E+01 -0.79731429E+01
  0.10570406E+01 -0.79607476E+01
  0.10654478E+01 -0.79481955E+01
  0.10738551E+01 -0.79355060E+01
  0.10822623E+01 -0.79226920E+01
  0.10906696E+01 -0.79097593E+01
  0.10990769E+01 -0.78967067E+01
  0.11074841E+01 -0.78835256E+01
  0.11158914E+01 -0.78702013E+01
  0.11242987E+01 -0.78567144E+01
  0.11327059E+01 -0.78430438E+01
  0.11411132E+01 -0.78291689E+01
  0.11495204E+01 -0.78150730E+01
  0.11579277E+01 -0.78007459E+01
  0.11663350E+01 -0.77861862E+01
  0.11747422E+01 -0.77714019E+01
  0.11831495E+01 -0.77564107E+01
  0.11915567E+01 -0.77412385E+01
  0.11999640E+01 -0.77259174E+01
  0.12083713E+01 -0.77104836E+01
  0.12167785E+01 -0.76949769E+01
  0.12251858E+01 -0.76794457E+01
  0.12335931E+01 -0.76639877E+01
  0.12420003E+01 -0.76493988E+01
  0.12504076E+01 -0.76778432E+01
  0.12588148E+01 -0.77324294E+01
  0.12672221E+01 -0.77875861E+01
  0.12756294E+01 -0.78428121E+01
  0.12840366E+01 -0.78978935E+01
  0.12924439E+01 -0.79526516E+01
  0.13008511E+01 -0.80069163E+01
  0.13092584E+01 -0.80605211E+01
  0.13176657E+01 -0.81133029E+01
  0.13260729E+01 -0.81651029E+01
  0.13344802E+01 -0.82157689E+01
  0.13428875E+01 -0.82651566E+01
  0.13512947E+01 -0.83131309E+01
  0.13597020E+01 -0.83595674E+01
  0.13681092E+01 -0.84043519E+01
  0.13765165E+01 -0.84473806E+01
  0.13849238E+01 -0.84885600E+01
  0.13933310E+01 -0.85278057E+01
  0.14017383E+01 -0.85650427E+01
  0.14101455E+01 -0.86002037E+01
  0.14185528E+01 -0.86332293E+01
  0.14269601E+01 -0.86640670E+01
  0.14353673E+01 -0.86926706E+01
  0.14437746E+01 -0.87189992E+01
  0.14521819E+01 -0.87430169E+01
  0.14605891E+01 -0.87646915E+01
  0.14689964E+01 -0.87839941E+01
  0.14774036E+01 -0.88008986E+01
  0.14858109E+01 -0.88153809E+01
  0.14942182E+01 -0.88274188E+01
  0.15026254E+01 -0.88369922E+01
  0.15110327E+01 -0.88440828E+01
  0.15194399E+01 -0.88486746E+01
  0.15278472E+01 -0.88507542E+01
  0.15362381E+01 -0.88503117E+01
  0.15446291E+01 -0.88500039E+01
  0.15530200E+01 -0.88480101E+01
  0.15614109E+01 -0.88443783E+01
  0.15698019E+01 -0.88391590E+01
  0.15781928E+01 -0.88324016E+01
  0.15865837E+01 -0.88241519E+01
  0.15949747E+01 -0.88144507E+01
  0.16033656E+01 -0.88033330E+01
  0.16117565E+01 -0.87908284E+01
  0.16201475E+01 -0.87769628E+01
  0.16285384E+01 -0.87617596E+01
  0.16369294E+01 -0.87452421E+01
  0.16453203E+01 -0.87274355E+01
  0.16537112E+01 -0.87083685E+01
  0.16621022E+01 -0.86880745E+01
  0.16704931E+01 -0.86665925E+01
  0.16788840E+01 -0.86439670E+01
  0.16872750E+01 -0.86202480E+01
  0.16956659E+01 -0.85954905E+01
  0.17040568E+01 -0.85697539E+01
  0.17124478E+01 -0.85431014E+01
  0.17208387E+01 -0.85155992E+01
  0.17292296E+01 -0.84873158E+01
  0.17376206E+01 -0.84583204E+01
  0.17460115E+01 -0.84286814E+01
  0.17544024E+01 -0.83984639E+01
  0.17627934E+01 -0.83677278E+01
  0.17711843E+01 -0.83365254E+01
  0.17795752E+01 -0.83049004E+01
  0.17879662E+01 -0.82728884E+01
  0.17963571E+01 -0.82405193E+01
  0.18047480E+01 -0.82078211E+01
  0.18131390E+01 -0.81748260E+01
  0.18215299E+01 -0.81415753E+01
  0.18299208E+01 -0.81081242E+01
  0.18383118E+01 -0.80745431E+01
  0.18467027E+01 -0.80409158E+01
  0.18550936E+01 -0.80073339E+01
  0.18634846E+01 -0.79738874E+01
  0.18718755E+01 -0.79406535E+01
  0.18802664E+01 -0.79076849E+01
  0.18886574E+01 -0.78749987E+01
  0.18970483E+01 -0.78425701E+01
  0.19054392E+01 -0.78103290E+01
  0.19138302E+01 -0.77781645E+01
  0.19222211E+01 -0.77459350E+01
  0.19306121E+01 -0.77134853E+01
  0.19390030E+01 -0.76806693E+01
  0.19473939E+01 -0.76473753E+01
  0.19557849E+01 -0.76135515E+01
  0.19641758E+01 -0.75792272E+01
  0.19725667E+01 -0.75445250E+01
  0.19809577E+01 -0.75096625E+01
  0.19893486E+01 -0.74749405E+01
  0.19977395E+01 -0.74407204E+01
  0.20061305E+01 -0.74073931E+01
  0.20145214E+01 -0.73753455E+01
  0.20229123E+01 -0.73449310E+01
  0.20313033E+01 -0.73164474E+01
  0.20396942E+01 -0.72901263E+01
  0.20480851E+01 -0.72661324E+01
  0.20564761E+01 -0.72445699E+01
  0.20648670E+01 -0.72254934E+01
  0.20732579E+01 -0.72089168E+01
  0.20816489E+01 -0.71948199E+01
  0.20900398E+01 -0.71831507E+01
  0.20984307E+01 -0.71738244E+01
  0.21068217E+01 -0.71667221E+01
  0.21152126E+01 -0.71616923E+01
  0.21236035E+01 -0.71585550E+01
  0.21319945E+01 -0.71571120E+01
  0.21403854E+01 -0.71571590E+01
  0.21487763E+01 -0.71585007E+01
  0.21571673E+01 -0.71609635E+01
  0.21655582E+01 -0.71644056E+01
  0.21739491E+01 -0.71687225E+01
  0.21823401E+01 -0.71738471E+01
  0.21907310E+01 -0.71797459E+01
  0.21991219E+01 -0.71864126E+01
  0.22075129E+01 -0.71938597E+01
  0.22159038E+01 -0.72021110E+01
  0.22242948E+01 -0.72111930E+01
  0.22326857E+01 -0.72211292E+01
  0.22410766E+01 -0.72319337E+01
  0.22494676E+01 -0.72436058E+01
  0.22578585E+01 -0.72561259E+01
  0.22662494E+01 -0.72694510E+01
  0.22746404E+01 -0.72835128E+01
  0.22830313E+01 -0.72982164E+01
  0.22914222E+01 -0.73134425E+01
  0.22998132E+01 -0.73290516E+01
  0.23082041E+01 -0.73448912E+01
  0.23165950E+01 -0.73608044E+01
  0.23249860E+01 -0.73766406E+01
  0.23333769E+01 -0.73922653E+01
  0.23417678E+01 -0.74075689E+01
  0.23501588E+01 -0.74224741E+01
  0.23585497E+01 -0.74369394E+01
  0.23669406E+01 -0.74509597E+01
  0.23753316E+01 -0.74645629E+01
  0.23837225E+01 -0.74778024E+01
  0.23921134E+01 -0.74907467E+01
  0.24005044E+01 -0.75034659E+01
  0.24088953E+01 -0.75160168E+01
  0.24172862E+01 -0.75284288E+01
  0.24256772E+01 -0.75406916E+01
  0.24340681E+01 -0.75527474E+01
  0.24424590E+01 -0.75644885E+01
  0.24508500E+01 -0.75757614E+01
  0.24592409E+01 -0.75863777E+01
  0.24676318E+01 -0.75961301E+01
  0.24760228E+01 -0.76048124E+01
  0.24844137E+01 -0.76122413E+01
  0.24928046E+01 -0.76182766E+01
  0.25011956E+01 -0.76228398E+01
  0.25095865E+01 -0.76259251E+01
  0.25179775E+01 -0.76276052E+01
  0.25263684E+01 -0.76280276E+01
  0.25347593E+01 -0.76274020E+01
  0.25431503E+01 -0.76259803E+01
  0.25515412E+01 -0.76240294E+01
  0.25599321E+01 -0.76218016E+01
  0.25683231E+01 -0.76195048E+01
  0.25767140E+01 -0.76172772E+01
  0.25851049E+01 -0.76151715E+01
  0.25934959E+01 -0.76131488E+01
  0.26018868E+01 -0.76110853E+01
  0.26102777E+01 -0.76087896E+01
  0.26186687E+01 -0.76060270E+01
  0.26270759E+01 -0.76025487E+01
  0.26354832E+01 -0.76038224E+01
  0.26438904E+01 -0.76062711E+01
  0.26522977E+01 -0.76098276E+01
  0.26607050E+01 -0.76143834E+01
  0.26691122E+01 -0.76197919E+01
  0.26775195E+01 -0.76258779E+01
  0.26859268E+01 -0.76324520E+01
  0.26943340E+01 -0.76393271E+01
  0.27027413E+01 -0.76463364E+01
  0.27111485E+01 -0.76533490E+01
  0.27195558E+01 -0.76602821E+01
  0.27279631E+01 -0.76671072E+01
  0.27363703E+01 -0.76738505E+01
  0.27447776E+01 -0.76805871E+01
  0.27531848E+01 -0.76874306E+01
  0.27615921E+01 -0.76945192E+01
  0.27699994E+01 -0.77019994E+01
  0.27784066E+01 -0.77100107E+01
  0.27868139E+01 -0.77186709E+01
  0.27952212E+01 -0.77280637E+01
  0.28036284E+01 -0.77382308E+01
  0.28120357E+01 -0.77491668E+01
  0.28204429E+01 -0.77608185E+01
  0.28288502E+01 -0.77730893E+01
  0.28372575E+01 -0.77858459E+01
  0.28456647E+01 -0.77989298E+01
  0.28540720E+01 -0.78121706E+01
  0.28624792E+01 -0.78254013E+01
  0.28708865E+01 -0.78384744E+01
  0.28792938E+01 -0.78512762E+01
  0.28877010E+01 -0.78637406E+01
  0.28961083E+01 -0.78758577E+01
  0.29045156E+01 -0.78876795E+01
  0.29129228E+01 -0.78993194E+01
  0.29213301E+01 -0.79109466E+01
  0.29297373E+01 -0.79227749E+01
  0.29381446E+01 -0.79350468E+01
  0.29465519E+01 -0.79480138E+01
  0.29549591E+01 -0.79619144E+01
  0.29633664E+01 -0.79769517E+01
  0.29717736E+01 -0.79932729E+01
  0.29801809E+01 -0.80109522E+01
  0.29885882E+01 -0.80299799E+01
  0.29969954E+01 -0.80502586E+01
  0.30054027E+01 -0.80716075E+01
  0.30138100E+01 -0.80937750E+01
  0.30222172E+01 -0.81164580E+01
  0.30306245E+01 -0.81393268E+01
  0.30390317E+01 -0.81620513E+01
  0.30474390E+01 -0.81843281E+01
  0.30558463E+01 -0.82059030E+01
  0.30642535E+01 -0.82265883E+01
  0.30726608E+01 -0.82462733E+01
  0.30810680E+01 -0.82649258E+01
  0.30894753E+01 -0.82825868E+01
  0.30978826E+01 -0.82993570E+01
  0.31062898E+01 -0.83153784E+01
  0.31146971E+01 -0.83308125E+01
  0.31231044E+01 -0.83458170E+01
  0.31315116E+01 -0.83605237E+01
  0.31399189E+01 -0.83750198E+01
  0.31483261E+01 -0.83893344E+01
  0.31567334E+01 -0.84034306E+01
  0.31651407E+01 -0.84172046E+01
  0.31735479E+01 -0.84304906E+01
  0.31819552E+01 -0.84430722E+01
  0.31903624E+01 -0.84546979E+01
  0.31987697E+01 -0.84650996E+01
  0.32071770E+01 -0.84740144E+01
  0.32155842E+01 -0.84812050E+01
  0.32239915E+01 -0.84864803E+01
  0.32323988E+01 -0.84897122E+01
  0.32408060E+01 -0.84908477E+01
  0.32492133E+01 -0.84899151E+01
  0.32576205E+01 -0.84870220E+01
  0.32660278E+01 -0.84823454E+01
  0.32744351E+01 -0.84761142E+01
  0.32828423E+01 -0.84685855E+01
  0.32912496E+01 -0.84600170E+01
  0.32996568E+01 -0.84506402E+01
  0.33080641E+01 -0.84406362E+01
  0.33164714E+01 -0.84301182E+01
  0.33248557E+01 -0.84191228E+01
  0.33332399E+01 -0.84177126E+01
  0.33416242E+01 -0.84168010E+01
  0.33500085E+01 -0.84163898E+01
  0.33583928E+01 -0.84164626E+01
  0.33667771E+01 -0.84169853E+01
  0.33751614E+01 -0.84179077E+01
  0.33835457E+01 -0.84191657E+01
  0.33919300E+01 -0.84206846E+01
  0.34003143E+01 -0.84223837E+01
  0.34086985E+01 -0.84241807E+01
  0.34170828E+01 -0.84259965E+01
  0.34254671E+01 -0.84277599E+01
  0.34338514E+01 -0.84294120E+01
  0.34422357E+01 -0.84309089E+01
  0.34506200E+01 -0.84322246E+01
  0.34590043E+01 -0.84333513E+01
  0.34673886E+01 -0.84342997E+01
  0.34757728E+01 -0.84350966E+01
  0.34841571E+01 -0.84357832E+01
  0.34925414E+01 -0.84364104E+01
  0.35009257E+01 -0.84370355E+01
  0.35093100E+01 -0.84377170E+01
  0.35176943E+01 -0.84385105E+01
  0.35260786E+01 -0.84394639E+01
  0.35344629E+01 -0.84406142E+01
  0.35428471E+01 -0.84419845E+01
  0.35512314E+01 -0.84435820E+01
  0.35596157E+01 -0.84453981E+01
  0.35680000E+01 -0.84474080E+01
  0.35763843E+01 -0.84495735E+01
  0.35847686E+01 -0.84518450E+01
  0.35931529E+01 -0.84541655E+01
  0.36015372E+01 -0.84564744E+01
  0.36099214E+01 -0.84587116E+01
  0.36183057E+01 -0.84608219E+01
  0.36266900E+01 -0.84627585E+01
  0.36350743E+01 -0.84644856E+01
  0.36434586E+01 -0.84659813E+01
  0.36518429E+01 -0.84672385E+01
  0.36602272E+01 -0.84682653E+01
  0.36686115E+01 -0.84690844E+01
  0.36769957E+01 -0.84697316E+01
  0.36853800E+01 -0.84702542E+01
  0.36937643E+01 -0.84707077E+01
  0.37021486E+01 -0.84711533E+01
  0.37105329E+01 -0.84716549E+01
  0.37189172E+01 -0.84722754E+01
  0.37273015E+01 -0.84730748E+01
  0.37356858E+01 -0.84741072E+01
  0.37440701E+01 -0.84754192E+01
  0.37524543E+01 -0.84770488E+01
  0.37608386E+01 -0.84790245E+01
  0.37692229E+01 -0.84813658E+01
  0.37776072E+01 -0.84840838E+01
  0.37859915E+01 -0.84871827E+01
  0.37943758E+01 -0.84906611E+01
  0.38027601E+01 -0.84945141E+01
  0.38111444E+01 -0.84987355E+01
  0.38195286E+01 -0.85033192E+01
  0.38279129E+01 -0.85082615E+01
  0.38362972E+01 -0.85135616E+01
  0.38446815E+01 -0.85192231E+01
  0.38530658E+01 -0.85252535E+01
  0.38614501E+01 -0.85316645E+01
  0.38698344E+01 -0.85384704E+01
  0.38782187E+01 -0.85456869E+01
  0.38866029E+01 -0.85533296E+01
  0.38949872E+01 -0.85614112E+01
  0.39033715E+01 -0.85699400E+01
  0.39117558E+01 -0.85789177E+01
  0.39201401E+01 -0.85883378E+01
  0.39285244E+01 -0.85981845E+01
  0.39369087E+01 -0.86084321E+01
  0.39452930E+01 -0.86190455E+01
  0.39536772E+01 -0.86299811E+01
  0.39620615E+01 -0.86411880E+01
  0.39704458E+01 -0.86526104E+01
  0.39788301E+01 -0.86641894E+01
  0.39872144E+01 -0.86758656E+01
  0.39955987E+01 -0.86875803E+01
  0.40039830E+01 -0.86992774E+01
  0.40123673E+01 -0.87109044E+01
  0.40207516E+01 -0.87224117E+01
  0.40291358E+01 -0.87337532E+01
  0.40375201E+01 -0.87448846E+01
  0.40459044E+01 -0.87557622E+01
  0.40542887E+01 -0.87663416E+01
  0.40626730E+01 -0.87765761E+01
  0.40710573E+01 -0.87864151E+01
  0.40794416E+01 -0.87958034E+01
  0.40878259E+01 -0.88046810E+01
  0.40962101E+01 -0.88129827E+01
  0.41045944E+01 -0.88206392E+01
  0.41129787E+01 -0.88275782E+01
  0.41213630E+01 -0.88337267E+01
  0.41297473E+01 -0.88390131E+01
  0.41381316E+01 -0.88433698E+01
  0.41465159E+01 -0.88467365E+01
  0.41549002E+01 -0.88490629E+01
  0.41632844E+01 -0.88503117E+01
  
  0.00000000E+00 -0.54446278E+01
  0.83842878E-02 -0.54444877E+01
  0.16768576E-01 -0.54436738E+01
  0.25152864E-01 -0.54421846E+01
  0.33537151E-01 -0.54400312E+01
  0.41921439E-01 -0.54372373E+01
  0.50305727E-01 -0.54338392E+01
  0.58690015E-01 -0.54298846E+01
  0.67074303E-01 -0.54254311E+01
  0.75458591E-01 -0.54205421E+01
  0.83842878E-01 -0.54152832E+01
  0.92227166E-01 -0.54097166E+01
  0.10061145E+00 -0.54038961E+01
  0.10899574E+00 -0.53978613E+01
  0.11738003E+00 -0.53916341E+01
  0.12576432E+00 -0.53852163E+01
  0.13414861E+00 -0.53785895E+01
  0.14253289E+00 -0.53717172E+01
  0.15091718E+00 -0.53645480E+01
  0.15930147E+00 -0.53570214E+01
  0.16768576E+00 -0.53490725E+01
  0.17607004E+00 -0.53406376E+01
  0.18445433E+00 -0.53316588E+01
  0.19283862E+00 -0.53220871E+01
  0.20122291E+00 -0.53118857E+01
  0.20960720E+00 -0.53010307E+01
  0.21799148E+00 -0.52895125E+01
  0.22637577E+00 -0.52773350E+01
  0.23476006E+00 -0.52645157E+01
  0.24314435E+00 -0.52510837E+01
  0.25152864E+00 -0.52370786E+01
  0.25991292E+00 -0.52225482E+01
  0.26829721E+00 -0.52075455E+01
  0.27668150E+00 -0.51921259E+01
  0.28506579E+00 -0.51763439E+01
  0.29345007E+00 -0.51602500E+01
  0.30183436E+00 -0.51438916E+01
  0.31021865E+00 -0.51273593E+01
  0.31860294E+00 -0.51440383E+01
  0.32698723E+00 -0.51979061E+01
  0.33537151E+00 -0.52523631E+01
  0.34375580E+00 -0.53072898E+01
  0.35214009E+00 -0.53626087E+01
  0.36052438E+00 -0.54182273E+01
  0.36890866E+00 -0.54740373E+01
  0.37729295E+00 -0.55299188E+01
  0.38567724E+00 -0.55857444E+01
  0.39406153E+00 -0.56413861E+01
  0.40244582E+00 -0.56967207E+01
  0.41083010E+00 -0.57516362E+01
  0.41921439E+00 -0.58060379E+01
  0.42759868E+00 -0.58598532E+01
  0.43598297E+00 -0.59130365E+01
  0.44436726E+00 -0.59655723E+01
  0.45275154E+00 -0.60174776E+01
  0.46113583E+00 -0.60688022E+01
  0.46952012E+00 -0.61196278E+01
  0.47790441E+00 -0.61700656E+01
  0.48628869E+00 -0.62202516E+01
  0.49467298E+00 -0.62703380E+01
  0.50305727E+00 -0.63204658E+01
  0.51144156E+00 -0.63645155E+01
  0.51982585E+00 -0.63508374E+01
  0.52821013E+00 -0.63374662E+01
  0.53659442E+00 -0.63252475E+01
  0.54497871E+00 -0.63141450E+01
  0.55336300E+00 -0.63040882E+01
  0.56174729E+00 -0.62949921E+01
  0.57013157E+00 -0.62867658E+01
  0.57851586E+00 -0.62793193E+01
  0.58690015E+00 -0.62725684E+01
  0.59528444E+00 -0.62664403E+01
  0.60366872E+00 -0.62608766E+01
  0.61205301E+00 -0.62558355E+01
  0.62043730E+00 -0.62512923E+01
  0.62882159E+00 -0.62472386E+01
  0.63720588E+00 -0.62436796E+01
  0.64559016E+00 -0.62406308E+01
  0.65397445E+00 -0.62381135E+01
  0.66235874E+00 -0.62361501E+01
  0.67074303E+00 -0.62347598E+01
  0.67912732E+00 -0.62339550E+01
  0.68751160E+00 -0.62337423E+01
  0.69589589E+00 -0.62345321E+01
  0.70428018E+00 -0.63218978E+01
  0.71266447E+00 -0.64067457E+01
  0.72104875E+00 -0.64828680E+01
  0.72943304E+00 -0.65506036E+01
  0.73781733E+00 -0.66103726E+01
  0.74620162E+00 -0.66626576E+01
  0.75458591E+00 -0.67079863E+01
  0.76297019E+00 -0.67469104E+01
  0.77135448E+00 -0.67799854E+01
  0.77973877E+00 -0.68077506E+01
  0.78812306E+00 -0.68307118E+01
  0.79650734E+00 -0.68493280E+01
  0.80489163E+00 -0.68639998E+01
  0.81327592E+00 -0.68750621E+01
  0.82166021E+00 -0.68827786E+01
  0.83004450E+00 -0.68873384E+01
  0.83845176E+00 -0.68888540E+01
  0.84685902E+00 -0.68894520E+01
  0.85526628E+00 -0.68915117E+01
  0.86367354E+00 -0.68949198E+01
  0.87208080E+00 -0.68995192E+01
  0.88048807E+00 -0.69051194E+01
  0.88889533E+00 -0.69115075E+01
  0.89730259E+00 -0.69184604E+01
  0.90570985E+00 -0.69257571E+01
  0.91411711E+00 -0.69331902E+01
  0.92252437E+00 -0.69405764E+01
  0.93093163E+00 -0.69477651E+01
  0.93933890E+00 -0.69546455E+01
  0.94774616E+00 -0.69611506E+01
  0.95615342E+00 -0.69672591E+01
  0.96456068E+00 -0.69729944E+01
  0.97296794E+00 -0.69784211E+01
  0.98137520E+00 -0.69836393E+01
  0.98978247E+00 -0.69887775E+01
  0.99818973E+00 -0.69939844E+01
  0.10065970E+01 -0.69994207E+01
  0.10150043E+01 -0.70052509E+01
  0.10234115E+01 -0.70116363E+01
  0.10318188E+01 -0.70187291E+01
  0.10402260E+01 -0.70266674E+01
  0.10486333E+01 -0.70355720E+01
  0.10570406E+01 -0.70455422E+01
  0.10654478E+01 -0.70566536E+01
  0.10738551E+01 -0.70689546E+01
  0.10822623E+01 -0.70824640E+01
  0.10906696E+01 -0.70971683E+01
  0.10990769E+01 -0.71130214E+01
  0.11074841E+01 -0.71299461E+01
  0.11158914E+01 -0.71478379E+01
  0.11242987E+01 -0.71665733E+01
  0.11327059E+01 -0.71860196E+01
  0.11411132E+01 -0.72060476E+01
  0.11495204E+01 -0.72265464E+01
  0.11579277E+01 -0.72474422E+01
  0.11663350E+01 -0.72687298E+01
  0.11747422E+01 -0.72905431E+01
  0.11831495E+01 -0.73133698E+01
  0.11915567E+01 -0.73388041E+01
  0.11999640E+01 -0.73712142E+01
  0.12083713E+01 -0.74139080E+01
  0.12167785E+01 -0.74628649E+01
  0.12251858E+01 -0.75145738E+01
  0.12335931E+01 -0.75676495E+01
  0.12420003E+01 -0.76207626E+01
  0.12504076E+01 -0.76314611E+01
  0.12588148E+01 -0.76164600E+01
  0.12672221E+01 -0.76012682E+01
  0.12756294E+01 -0.75866418E+01
  0.12840366E+01 -0.75747245E+01
  0.12924439E+01 -0.75751655E+01
  0.13008511E+01 -0.75889622E+01
  0.13092584E+01 -0.76056363E+01
  0.13176657E+01 -0.76226158E+01
  0.13260729E+01 -0.76393576E+01
  0.13344802E+01 -0.76556791E+01
  0.13428875E+01 -0.76714971E+01
  0.13512947E+01 -0.76867675E+01
  0.13597020E+01 -0.77014663E+01
  0.13681092E+01 -0.77155823E+01
  0.13765165E+01 -0.77291131E+01
  0.13849238E+01 -0.77420628E+01
  0.13933310E+01 -0.77544398E+01
  0.14017383E+01 -0.77662543E+01
  0.14101455E+01 -0.77775166E+01
  0.14185528E+01 -0.77882338E+01
  0.14269601E+01 -0.77984080E+01
  0.14353673E+01 -0.78080341E+01
  0.14437746E+01 -0.78170980E+01
  0.14521819E+01 -0.78255754E+01
  0.14605891E+01 -0.78334317E+01
  0.14689964E+01 -0.78406221E+01
  0.14774036E+01 -0.78470928E+01
  0.14858109E+01 -0.78527829E+01
  0.14942182E+01 -0.78576272E+01
  0.15026254E+01 -0.78615591E+01
  0.15110327E+01 -0.78645142E+01
  0.15194399E+01 -0.78664337E+01
  0.15278472E+01 -0.78672684E+01
  0.15362381E+01 -0.78669813E+01
  0.15446291E+01 -0.78671271E+01
  0.15530200E+01 -0.78666043E+01
  0.15614109E+01 -0.78654198E+01
  0.15698019E+01 -0.78635726E+01
  0.15781928E+01 -0.78610542E+01
  0.15865837E+01 -0.78578498E+01
  0.15949747E+01 -0.78539393E+01
  0.16033656E+01 -0.78492983E+01
  0.16117565E+01 -0.78438987E+01
  0.16201475E+01 -0.78377087E+01
  0.16285384E+01 -0.78306922E+01
  0.16369294E+01 -0.78228077E+01
  0.16453203E+01 -0.78140065E+01
  0.16537112E+01 -0.78042306E+01
  0.16621022E+01 -0.77934109E+01
  0.16704931E+01 -0.77814652E+01
  0.16788840E+01 -0.77682967E+01
  0.16872750E+01 -0.77537928E+01
  0.16956659E+01 -0.77378252E+01
  0.17040568E+01 -0.77202496E+01
  0.17124478E+01 -0.77009070E+01
  0.17208387E+01 -0.76796256E+01
  0.17292296E+01 -0.76562235E+01
  0.17376206E+01 -0.76305127E+01
  0.17460115E+01 -0.76023043E+01
  0.17544024E+01 -0.75714143E+01
  0.17627934E+01 -0.75376705E+01
  0.17711843E+01 -0.75009205E+01
  0.17795752E+01 -0.74610419E+01
  0.17879662E+01 -0.74179580E+01
  0.17963571E+01 -0.73716742E+01
  0.18047480E+01 -0.73223908E+01
  0.18131390E+01 -0.72709653E+01
  0.18215299E+01 -0.72214232E+01
  0.18299208E+01 -0.71878020E+01
  0.18383118E+01 -0.71712793E+01
  0.18467027E+01 -0.71593872E+01
  0.18550936E+01 -0.71483987E+01
  0.18634846E+01 -0.71374400E+01
  0.18718755E+01 -0.71262365E+01
  0.18802664E+01 -0.71146835E+01
  0.18886574E+01 -0.71027369E+01
  0.18970483E+01 -0.70903780E+01
  0.19054392E+01 -0.70776004E+01
  0.19138302E+01 -0.70644041E+01
  0.19222211E+01 -0.70507933E+01
  0.19306121E+01 -0.70367748E+01
  0.19390030E+01 -0.70223569E+01
  0.19473939E+01 -0.70075493E+01
  0.19557849E+01 -0.69923615E+01
  0.19641758E+01 -0.69768021E+01
  0.19725667E+01 -0.69608779E+01
  0.19809577E+01 -0.69445930E+01
  0.19893486E+01 -0.69279483E+01
  0.19977395E+01 -0.69109406E+01
  0.20061305E+01 -0.68935634E+01
  0.20145214E+01 -0.68758068E+01
  0.20229123E+01 -0.68576587E+01
  0.20313033E+01 -0.68391062E+01
  0.20396942E+01 -0.68201374E+01
  0.20480851E+01 -0.68007433E+01
  0.20564761E+01 -0.67809194E+01
  0.20648670E+01 -0.67606670E+01
  0.20732579E+01 -0.67399944E+01
  0.20816489E+01 -0.67189162E+01
  0.20900398E+01 -0.66974529E+01
  0.20984307E+01 -0.66756300E+01
  0.21068217E+01 -0.66534757E+01
  0.21152126E+01 -0.66310196E+01
  0.21236035E+01 -0.66082906E+01
  0.21319945E+01 -0.65853156E+01
  0.21403854E+01 -0.65621185E+01
  0.21487763E+01 -0.65387195E+01
  0.21571673E+01 -0.65151357E+01
  0.21655582E+01 -0.64913816E+01
  0.21739491E+01 -0.64674702E+01
  0.21823401E+01 -0.64434139E+01
  0.21907310E+01 -0.64192253E+01
  0.21991219E+01 -0.63949179E+01
  0.22075129E+01 -0.63705061E+01
  0.22159038E+01 -0.63460047E+01
  0.22242948E+01 -0.63214286E+01
  0.22326857E+01 -0.62967915E+01
  0.22410766E+01 -0.62721057E+01
  0.22494676E+01 -0.62473804E+01
  0.22578585E+01 -0.62226220E+01
  0.22662494E+01 -0.61978337E+01
  0.22746404E+01 -0.61730160E+01
  0.22830313E+01 -0.61481679E+01
  0.22914222E+01 -0.61232887E+01
  0.22998132E+01 -0.60983803E+01
  0.23082041E+01 -0.60734493E+01
  0.23165950E+01 -0.60485089E+01
  0.23249860E+01 -0.60235801E+01
  0.23333769E+01 -0.59986920E+01
  0.23417678E+01 -0.59738813E+01
  0.23501588E+01 -0.59491903E+01
  0.23585497E+01 -0.59246650E+01
  0.23669406E+01 -0.59003518E+01
  0.23753316E+01 -0.58762952E+01
  0.23837225E+01 -0.58525351E+01
  0.23921134E+01 -0.58291049E+01
  0.24005044E+01 -0.58060309E+01
  0.24088953E+01 -0.57833327E+01
  0.24172862E+01 -0.57610247E+01
  0.24256772E+01 -0.57391185E+01
  0.24340681E+01 -0.57176270E+01
  0.24424590E+01 -0.56965676E+01
  0.24508500E+01 -0.56759663E+01
  0.24592409E+01 -0.56558598E+01
  0.24676318E+01 -0.56362981E+01
  0.24760228E+01 -0.56173437E+01
  0.24844137E+01 -0.55990705E+01
  0.24928046E+01 -0.55815606E+01
  0.25011956E+01 -0.55649000E+01
  0.25095865E+01 -0.55491730E+01
  0.25179775E+01 -0.55344572E+01
  0.25263684E+01 -0.55208179E+01
  0.25347593E+01 -0.55083043E+01
  0.25431503E+01 -0.54969471E+01
  0.25515412E+01 -0.54867579E+01
  0.25599321E+01 -0.54777313E+01
  0.25683231E+01 -0.54698485E+01
  0.25767140E+01 -0.54630827E+01
  0.25851049E+01 -0.54574042E+01
  0.25934959E+01 -0.54527861E+01
  0.26018868E+01 -0.54492078E+01
  0.26102777E+01 -0.54466571E+01
  0.26186687E+01 -0.54451296E+01
  0.26270759E+01 -0.54446278E+01
  0.26354832E+01 -0.54461143E+01
  0.26438904E+01 -0.54510524E+01
  0.26522977E+01 -0.54593818E+01
  0.26607050E+01 -0.54710194E+01
  0.26691122E+01 -0.54858619E+01
  0.26775195E+01 -0.55037876E+01
  0.26859268E+01 -0.55246574E+01
  0.26943340E+01 -0.55483150E+01
  0.27027413E+01 -0.55745875E+01
  0.27111485E+01 -0.56032866E+01
  0.27195558E+01 -0.56342105E+01
  0.27279631E+01 -0.56671466E+01
  0.27363703E+01 -0.57018758E+01
  0.27447776E+01 -0.57381776E+01
  0.27531848E+01 -0.57758362E+01
  0.27615921E+01 -0.58146458E+01
  0.27699994E+01 -0.58544168E+01
  0.27784066E+01 -0.58949803E+01
  0.27868139E+01 -0.59361912E+01
  0.27952212E+01 -0.59779308E+01
  0.28036284E+01 -0.60201060E+01
  0.28120357E+01 -0.60626484E+01
  0.28204429E+01 -0.61055108E+01
  0.28288502E+01 -0.61486634E+01
  0.28372575E+01 -0.61920884E+01
  0.28456647E+01 -0.62357749E+01
  0.28540720E+01 -0.62797135E+01
  0.28624792E+01 -0.63238908E+01
  0.28708865E+01 -0.63682855E+01
  0.28792938E+01 -0.64128645E+01
  0.28877010E+01 -0.64575803E+01
  0.28961083E+01 -0.65023690E+01
  0.29045156E+01 -0.65471506E+01
  0.29129228E+01 -0.65918290E+01
  0.29213301E+01 -0.66362934E+01
  0.29297373E+01 -0.66804215E+01
  0.29381446E+01 -0.67240825E+01
  0.29465519E+01 -0.67671410E+01
  0.29549591E+01 -0.68094621E+01
  0.29633664E+01 -0.68509162E+01
  0.29717736E+01 -0.68913844E+01
  0.29801809E+01 -0.69307629E+01
  0.29885882E+01 -0.69689669E+01
  0.29969954E+01 -0.70059328E+01
  0.30054027E+01 -0.70416181E+01
  0.30138100E+01 -0.70759995E+01
  0.30222172E+01 -0.71090680E+01
  0.30306245E+01 -0.71408237E+01
  0.30390317E+01 -0.71712694E+01
  0.30474390E+01 -0.72004039E+01
  0.30558463E+01 -0.72282174E+01
  0.30642535E+01 -0.72546878E+01
  0.30726608E+01 -0.72797790E+01
  0.30810680E+01 -0.73034411E+01
  0.30894753E+01 -0.73256125E+01
  0.30978826E+01 -0.73462227E+01
  0.31062898E+01 -0.73651966E+01
  0.31146971E+01 -0.73824592E+01
  0.31231044E+01 -0.73979402E+01
  0.31315116E+01 -0.74115790E+01
  0.31399189E+01 -0.74233277E+01
  0.31483261E+01 -0.74331544E+01
  0.31567334E+01 -0.74410442E+01
  0.31651407E+01 -0.74469989E+01
  0.31735479E+01 -0.74510355E+01
  0.31819552E+01 -0.74531830E+01
  0.31903624E+01 -0.74534793E+01
  0.31987697E+01 -0.74519668E+01
  0.32071770E+01 -0.74486899E+01
  0.32155842E+01 -0.74436928E+01
  0.32239915E+01 -0.74370197E+01
  0.32323988E+01 -0.74287171E+01
  0.32408060E+01 -0.74188385E+01
  0.32492133E+01 -0.74074509E+01
  0.32576205E+01 -0.73946437E+01
  0.32660278E+01 -0.73805373E+01
  0.32744351E+01 -0.73652913E+01
  0.32828423E+01 -0.73491108E+01
  0.32912496E+01 -0.73322479E+01
  0.32996568E+01 -0.73149982E+01
  0.33080641E+01 -0.72976921E+01
  0.33164714E+01 -0.72806798E+01
  0.33248557E+01 -0.72643128E+01
  0.33332399E+01 -0.72687891E+01
  0.33416242E+01 -0.72743291E+01
  0.33500085E+01 -0.72808556E+01
  0.33583928E+01 -0.72882723E+01
  0.33667771E+01 -0.72964680E+01
  0.33751614E+01 -0.73053224E+01
  0.33835457E+01 -0.73147116E+01
  0.33919300E+01 -0.73245128E+01
  0.34003143E+01 -0.73346093E+01
  0.34086985E+01 -0.73448939E+01
  0.34170828E+01 -0.73552711E+01
  0.34254671E+01 -0.73656584E+01
  0.34338514E+01 -0.73759859E+01
  0.34422357E+01 -0.73861952E+01
  0.34506200E+01 -0.73962378E+01
  0.34590043E+01 -0.74060728E+01
  0.34673886E+01 -0.74156642E+01
  0.34757728E+01 -0.74249792E+01
  0.34841571E+01 -0.74339861E+01
  0.34925414E+01 -0.74426532E+01
  0.35009257E+01 -0.74509477E+01
  0.35093100E+01 -0.74588362E+01
  0.35176943E+01 -0.74662850E+01
  0.35260786E+01 -0.74732610E+01
  0.35344629E+01 -0.74797334E+01
  0.35428471E+01 -0.74856747E+01
  0.35512314E+01 -0.74910625E+01
  0.35596157E+01 -0.74958803E+01
  0.35680000E+01 -0.75001189E+01
  0.35763843E+01 -0.75037759E+01
  0.35847686E+01 -0.75068563E+01
  0.35931529E+01 -0.75093714E+01
  0.36015372E+01 -0.75113381E+01
  0.36099214E+01 -0.75127772E+01
  0.36183057E+01 -0.75137126E+01
  0.36266900E+01 -0.75141692E+01
  0.36350743E+01 -0.75141716E+01
  0.36434586E+01 -0.75137433E+01
  0.36518429E+01 -0.75129050E+01
  0.36602272E+01 -0.75116748E+01
  0.36686115E+01 -0.75100670E+01
  0.36769957E+01 -0.75080925E+01
  0.36853800E+01 -0.75057593E+01
  0.36937643E+01 -0.75030726E+01
  0.37021486E+01 -0.75000358E+01
  0.37105329E+01 -0.74966519E+01
  0.37189172E+01 -0.74929239E+01
  0.37273015E+01 -0.74888563E+01
  0.37356858E+01 -0.74844565E+01
  0.37440701E+01 -0.74797352E+01
  0.37524543E+01 -0.74747082E+01
  0.37608386E+01 -0.74693971E+01
  0.37692229E+01 -0.74638301E+01
  0.37776072E+01 -0.74580441E+01
  0.37859915E+01 -0.74520865E+01
  0.37943758E+01 -0.74460179E+01
  0.38027601E+01 -0.74399180E+01
  0.38111444E+01 -0.74338937E+01
  0.38195286E+01 -0.74280948E+01
  0.38279129E+01 -0.74227395E+01
  0.38362972E+01 -0.74181612E+01
  0.38446815E+01 -0.74148888E+01
  0.38530658E+01 -0.74137733E+01
  0.38614501E+01 -0.74161202E+01
  0.38698344E+01 -0.74235857E+01
  0.38782187E+01 -0.74373755E+01
  0.38866029E+01 -0.74571133E+01
  0.38949872E+01 -0.74809910E+01
  0.39033715E+01 -0.75070255E+01
  0.39117558E+01 -0.75337775E+01
  0.39201401E+01 -0.75603593E+01
  0.39285244E+01 -0.75862498E+01
  0.39369087E+01 -0.76111458E+01
  0.39452930E+01 -0.76348726E+01
  0.39536772E+01 -0.76573325E+01
  0.39620615E+01 -0.76784761E+01
  0.39704458E+01 -0.76982854E+01
  0.39788301E+01 -0.77167628E+01
  0.39872144E+01 -0.77339248E+01
  0.39955987E+01 -0.77497970E+01
  0.40039830E+01 -0.77644116E+01
  0.40123673E+01 -0.77778048E+01
  0.40207516E+01 -0.77900161E+01
  0.40291358E+01 -0.78010875E+01
  0.40375201E+01 -0.78110632E+01
  0.40459044E+01 -0.78199900E+01
  0.40542887E+01 -0.78279179E+01
  0.40626730E+01 -0.78348998E+01
  0.40710573E+01 -0.78409924E+01
  0.40794416E+01 -0.78462560E+01
  0.40878259E+01 -0.78507539E+01
  0.40962101E+01 -0.78545517E+01
  0.41045944E+01 -0.78577162E+01
  0.41129787E+01 -0.78603131E+01
  0.41213630E+01 -0.78624052E+01
  0.41297473E+01 -0.78640500E+01
  0.41381316E+01 -0.78652969E+01
  0.41465159E+01 -0.78661852E+01
  0.41549002E+01 -0.78667422E+01
  0.41632844E+01 -0.78669813E+01
  
  0.00000000E+00 -0.36221289E+01
  0.83842878E-02 -0.36240677E+01
  0.16768576E-01 -0.36300912E+01
  0.25152864E-01 -0.36400869E+01
  0.33537151E-01 -0.36538894E+01
  0.41921439E-01 -0.36712973E+01
  0.50305727E-01 -0.36920904E+01
  0.58690015E-01 -0.37160444E+01
  0.67074303E-01 -0.37429421E+01
  0.75458591E-01 -0.37725796E+01
  0.83842878E-01 -0.38047678E+01
  0.92227166E-01 -0.38393308E+01
  0.10061145E+00 -0.38761012E+01
  0.10899574E+00 -0.39149149E+01
  0.11738003E+00 -0.39556061E+01
  0.12576432E+00 -0.39980043E+01
  0.13414861E+00 -0.40419323E+01
  0.14253289E+00 -0.40872074E+01
  0.15091718E+00 -0.41336440E+01
  0.15930147E+00 -0.41810580E+01
  0.16768576E+00 -0.42292718E+01
  0.17607004E+00 -0.42781191E+01
  0.18445433E+00 -0.43274498E+01
  0.19283862E+00 -0.43771338E+01
  0.20122291E+00 -0.44270635E+01
  0.20960720E+00 -0.44771559E+01
  0.21799148E+00 -0.45273534E+01
  0.22637577E+00 -0.45776231E+01
  0.23476006E+00 -0.46279564E+01
  0.24314435E+00 -0.46783665E+01
  0.25152864E+00 -0.47288857E+01
  0.25991292E+00 -0.47795622E+01
  0.26829721E+00 -0.48304550E+01
  0.27668150E+00 -0.48816299E+01
  0.28506579E+00 -0.49331534E+01
  0.29345007E+00 -0.49850866E+01
  0.30183436E+00 -0.50374761E+01
  0.31021865E+00 -0.50903001E+01
  0.31860294E+00 -0.51102096E+01
  0.32698723E+00 -0.50932279E+01
  0.33537151E+00 -0.50759174E+01
  0.34375580E+00 -0.50583237E+01
  0.35214009E+00 -0.50404166E+01
  0.36052438E+00 -0.50221527E+01
  0.36890866E+00 -0.50034829E+01
  0.37729295E+00 -0.49843572E+01
  0.38567724E+00 -0.49647287E+01
  0.39406153E+00 -0.49445560E+01
  0.40244582E+00 -0.49238066E+01
  0.41083010E+00 -0.49024582E+01
  0.41921439E+00 -0.48805003E+01
  0.42759868E+00 -0.48579344E+01
  0.43598297E+00 -0.48347742E+01
  0.44436726E+00 -0.48110447E+01
  0.45275154E+00 -0.47867811E+01
  0.46113583E+00 -0.47620264E+01
  0.46952012E+00 -0.47368295E+01
  0.47790441E+00 -0.47112418E+01
  0.48628869E+00 -0.46853143E+01
  0.49467298E+00 -0.46590946E+01
  0.50305727E+00 -0.46326237E+01
  0.51144156E+00 -0.46059335E+01
  0.51982585E+00 -0.45790453E+01
  0.52821013E+00 -0.45519690E+01
  0.53659442E+00 -0.45247028E+01
  0.54497871E+00 -0.44972347E+01
  0.55336300E+00 -0.44695440E+01
  0.56174729E+00 -0.44416040E+01
  0.57013157E+00 -0.44133845E+01
  0.57851586E+00 -0.43848555E+01
  0.58690015E+00 -0.43559903E+01
  0.59528444E+00 -0.43840729E+01
  0.60366872E+00 -0.45863740E+01
  0.61205301E+00 -0.47804356E+01
  0.62043730E+00 -0.49659841E+01
  0.62882159E+00 -0.51428017E+01
  0.63720588E+00 -0.53107126E+01
  0.64559016E+00 -0.54695731E+01
  0.65397445E+00 -0.56192661E+01
  0.66235874E+00 -0.57596982E+01
  0.67074303E+00 -0.58908008E+01
  0.67912732E+00 -0.60125352E+01
  0.68751160E+00 -0.61248966E+01
  0.69589589E+00 -0.62275136E+01
  0.70428018E+00 -0.62348995E+01
  0.71266447E+00 -0.62362928E+01
  0.72104875E+00 -0.62381105E+01
  0.72943304E+00 -0.62402910E+01
  0.73781733E+00 -0.62427552E+01
  0.74620162E+00 -0.62454161E+01
  0.75458591E+00 -0.62481830E+01
  0.76297019E+00 -0.62509653E+01
  0.77135448E+00 -0.62536758E+01
  0.77973877E+00 -0.62562338E+01
  0.78812306E+00 -0.62585675E+01
  0.79650734E+00 -0.62606159E+01
  0.80489163E+00 -0.62623305E+01
  0.81327592E+00 -0.62636754E+01
  0.82166021E+00 -0.62646275E+01
  0.83004450E+00 -0.62651756E+01
  0.83845176E+00 -0.62653200E+01
  0.84685902E+00 -0.62657973E+01
  0.85526628E+00 -0.62674923E+01
  0.86367354E+00 -0.62704138E+01
  0.87208080E+00 -0.62745729E+01
  0.88048807E+00 -0.62799813E+01
  0.88889533E+00 -0.62866507E+01
  0.89730259E+00 -0.62945907E+01
  0.90570985E+00 -0.63038081E+01
  0.91411711E+00 -0.63143059E+01
  0.92252437E+00 -0.63260825E+01
  0.93093163E+00 -0.63391308E+01
  0.93933890E+00 -0.63534382E+01
  0.94774616E+00 -0.63689862E+01
  0.95615342E+00 -0.63857512E+01
  0.96456068E+00 -0.64037054E+01
  0.97296794E+00 -0.64228180E+01
  0.98137520E+00 -0.64430578E+01
  0.98978247E+00 -0.64643948E+01
  0.99818973E+00 -0.64868024E+01
  0.10065970E+01 -0.65102584E+01
  0.10150043E+01 -0.65347459E+01
  0.10234115E+01 -0.65602527E+01
  0.10318188E+01 -0.65867699E+01
  0.10402260E+01 -0.66142908E+01
  0.10486333E+01 -0.66428087E+01
  0.10570406E+01 -0.66723169E+01
  0.10654478E+01 -0.67028087E+01
  0.10738551E+01 -0.67342803E+01
  0.10822623E+01 -0.67667341E+01
  0.10906696E+01 -0.68001834E+01
  0.10990769E+01 -0.68346553E+01
  0.11074841E+01 -0.68701936E+01
  0.11158914E+01 -0.69068566E+01
  0.11242987E+01 -0.69447126E+01
  0.11327059E+01 -0.69838316E+01
  0.11411132E+01 -0.70242729E+01
  0.11495204E+01 -0.70660712E+01
  0.11579277E+01 -0.71092165E+01
  0.11663350E+01 -0.71536224E+01
  0.11747422E+01 -0.71990542E+01
  0.11831495E+01 -0.72449142E+01
  0.11915567E+01 -0.72894882E+01
  0.11999640E+01 -0.73282773E+01
  0.12083713E+01 -0.73578325E+01
  0.12167785E+01 -0.73820204E+01
  0.12251858E+01 -0.74041762E+01
  0.12335931E+01 -0.74254470E+01
  0.12420003E+01 -0.74462089E+01
  0.12504076E+01 -0.74665770E+01
  0.12588148E+01 -0.74865391E+01
  0.12672221E+01 -0.75059546E+01
  0.12756294E+01 -0.75243544E+01
  0.12840366E+01 -0.75395861E+01
  0.12924439E+01 -0.75419523E+01
  0.13008511E+01 -0.75303989E+01
  0.13092584E+01 -0.75153486E+01
  0.13176657E+01 -0.74993238E+01
  0.13260729E+01 -0.74828268E+01
  0.13344802E+01 -0.74660101E+01
  0.13428875E+01 -0.74489386E+01
  0.13512947E+01 -0.74316506E+01
  0.13597020E+01 -0.74141773E+01
  0.13681092E+01 -0.73965502E+01
  0.13765165E+01 -0.73788039E+01
  0.13849238E+01 -0.73609780E+01
  0.13933310E+01 -0.73431173E+01
  0.14017383E+01 -0.73252729E+01
  0.14101455E+01 -0.73075027E+01
  0.14185528E+01 -0.72898721E+01
  0.14269601E+01 -0.72724554E+01
  0.14353673E+01 -0.72553381E+01
  0.14437746E+01 -0.72386187E+01
  0.14521819E+01 -0.72224115E+01
  0.14605891E+01 -0.72068491E+01
  0.14689964E+01 -0.71920842E+01
  0.14774036E+01 -0.71782901E+01
  0.14858109E+01 -0.71656595E+01
  0.14942182E+01 -0.71544000E+01
  0.15026254E+01 -0.71447264E+01
  0.15110327E+01 -0.71368489E+01
  0.15194399E+01 -0.71309585E+01
  0.15278472E+01 -0.71272106E+01
  0.15362381E+01 -0.71257094E+01
  0.15446291E+01 -0.71265859E+01
  0.15530200E+01 -0.71286291E+01
  0.15614109E+01 -0.71317613E+01
  0.15698019E+01 -0.71358699E+01
  0.15781928E+01 -0.71408168E+01
  0.15865837E+01 -0.71464483E+01
  0.15949747E+01 -0.71526045E+01
  0.16033656E+01 -0.71591264E+01
  0.16117565E+01 -0.71658611E+01
  0.16201475E+01 -0.71726643E+01
  0.16285384E+01 -0.71794028E+01
  0.16369294E+01 -0.71859548E+01
  0.16453203E+01 -0.71922104E+01
  0.16537112E+01 -0.71980721E+01
  0.16621022E+01 -0.72034554E+01
  0.16704931E+01 -0.72082889E+01
  0.16788840E+01 -0.72125144E+01
  0.16872750E+01 -0.72160868E+01
  0.16956659E+01 -0.72189735E+01
  0.17040568E+01 -0.72211525E+01
  0.17124478E+01 -0.72226112E+01
  0.17208387E+01 -0.72233437E+01
  0.17292296E+01 -0.72233486E+01
  0.17376206E+01 -0.72226267E+01
  0.17460115E+01 -0.72211788E+01
  0.17544024E+01 -0.72190033E+01
  0.17627934E+01 -0.72160944E+01
  0.17711843E+01 -0.72124388E+01
  0.17795752E+01 -0.72080099E+01
  0.17879662E+01 -0.72027538E+01
  0.17963571E+01 -0.71965531E+01
  0.18047480E+01 -0.71891108E+01
  0.18131390E+01 -0.71794835E+01
  0.18215299E+01 -0.71635629E+01
  0.18299208E+01 -0.71272260E+01
  0.18383118E+01 -0.70692004E+01
  0.18467027E+01 -0.70018482E+01
  0.18550936E+01 -0.69287792E+01
  0.18634846E+01 -0.68507432E+01
  0.18718755E+01 -0.67678895E+01
  0.18802664E+01 -0.66802050E+01
  0.18886574E+01 -0.65876314E+01
  0.18970483E+01 -0.64901070E+01
  0.19054392E+01 -0.63875838E+01
  0.19138302E+01 -0.62800328E+01
  0.19222211E+01 -0.61674423E+01
  0.19306121E+01 -0.60498085E+01
  0.19390030E+01 -0.59271235E+01
  0.19473939E+01 -0.57993593E+01
  0.19557849E+01 -0.56664532E+01
  0.19641758E+01 -0.55282965E+01
  0.19725667E+01 -0.53847302E+01
  0.19809577E+01 -0.52355501E+01
  0.19893486E+01 -0.50805212E+01
  0.19977395E+01 -0.49194029E+01
  0.20061305E+01 -0.48445631E+01
  0.20145214E+01 -0.48193509E+01
  0.20229123E+01 -0.47943501E+01
  0.20313033E+01 -0.47695560E+01
  0.20396942E+01 -0.47449656E+01
  0.20480851E+01 -0.47205765E+01
  0.20564761E+01 -0.46963859E+01
  0.20648670E+01 -0.46723908E+01
  0.20732579E+01 -0.46485868E+01
  0.20816489E+01 -0.46249685E+01
  0.20900398E+01 -0.46015291E+01
  0.20984307E+01 -0.45782608E+01
  0.21068217E+01 -0.45551556E+01
  0.21152126E+01 -0.45322060E+01
  0.21236035E+01 -0.45094058E+01
  0.21319945E+01 -0.44867512E+01
  0.21403854E+01 -0.44642414E+01
  0.21487763E+01 -0.44418790E+01
  0.21571673E+01 -0.44196698E+01
  0.21655582E+01 -0.43976226E+01
  0.21739491E+01 -0.43757484E+01
  0.21823401E+01 -0.43540598E+01
  0.21907310E+01 -0.43325700E+01
  0.21991219E+01 -0.43112922E+01
  0.22075129E+01 -0.42902396E+01
  0.22159038E+01 -0.42694248E+01
  0.22242948E+01 -0.42488602E+01
  0.22326857E+01 -0.42285574E+01
  0.22410766E+01 -0.42085282E+01
  0.22494676E+01 -0.41887833E+01
  0.22578585E+01 -0.41693326E+01
  0.22662494E+01 -0.41501844E+01
  0.22746404E+01 -0.41313441E+01
  0.22830313E+01 -0.41128131E+01
  0.22914222E+01 -0.40945876E+01
  0.22998132E+01 -0.40766571E+01
  0.23082041E+01 -0.40590034E+01
  0.23165950E+01 -0.40416009E+01
  0.23249860E+01 -0.40244168E+01
  0.23333769E+01 -0.40074128E+01
  0.23417678E+01 -0.39905483E+01
  0.23501588E+01 -0.39737838E+01
  0.23585497E+01 -0.39570853E+01
  0.23669406E+01 -0.39404286E+01
  0.23753316E+01 -0.39238036E+01
  0.23837225E+01 -0.39072172E+01
  0.23921134E+01 -0.38906949E+01
  0.24005044E+01 -0.38742808E+01
  0.24088953E+01 -0.38580361E+01
  0.24172862E+01 -0.38420344E+01
  0.24256772E+01 -0.38263573E+01
  0.24340681E+01 -0.38110878E+01
  0.24424590E+01 -0.37963035E+01
  0.24508500E+01 -0.37820705E+01
  0.24592409E+01 -0.37684382E+01
  0.24676318E+01 -0.37554364E+01
  0.24760228E+01 -0.37430734E+01
  0.24844137E+01 -0.37313385E+01
  0.24928046E+01 -0.37202049E+01
  0.25011956E+01 -0.37096358E+01
  0.25095865E+01 -0.36995916E+01
  0.25179775E+01 -0.36900376E+01
  0.25263684E+01 -0.36809509E+01
  0.25347593E+01 -0.36723264E+01
  0.25431503E+01 -0.36641803E+01
  0.25515412E+01 -0.36565506E+01
  0.25599321E+01 -0.36494953E+01
  0.25683231E+01 -0.36430870E+01
  0.25767140E+01 -0.36374063E+01
  0.25851049E+01 -0.36325333E+01
  0.25934959E+01 -0.36285394E+01
  0.26018868E+01 -0.36254800E+01
  0.26102777E+01 -0.36233893E+01
  0.26186687E+01 -0.36222770E+01
  0.26270759E+01 -0.36221289E+01
  0.26354832E+01 -0.36199474E+01
  0.26438904E+01 -0.36141232E+01
  0.26522977E+01 -0.36046878E+01
  0.26607050E+01 -0.35916969E+01
  0.26691122E+01 -0.35752293E+01
  0.26775195E+01 -0.35553869E+01
  0.26859268E+01 -0.35322939E+01
  0.26943340E+01 -0.35060968E+01
  0.27027413E+01 -0.34769624E+01
  0.27111485E+01 -0.34450764E+01
  0.27195558E+01 -0.34106397E+01
  0.27279631E+01 -0.33738644E+01
  0.27363703E+01 -0.33349694E+01
  0.27447776E+01 -0.32941743E+01
  0.27531848E+01 -0.32516942E+01
  0.27615921E+01 -0.32077341E+01
  0.27699994E+01 -0.31624841E+01
  0.27784066E+01 -0.31161144E+01
  0.27868139E+01 -0.30687728E+01
  0.27952212E+01 -0.30205820E+01
  0.28036284E+01 -0.29716393E+01
  0.28120357E+01 -0.29220172E+01
  0.28204429E+01 -0.28717663E+01
  0.28288502E+01 -0.28209182E+01
  0.28372575E+01 -0.27694906E+01
  0.28456647E+01 -0.27174921E+01
  0.28540720E+01 -0.26649276E+01
  0.28624792E+01 -0.26118029E+01
  0.28708865E+01 -0.25581285E+01
  0.28792938E+01 -0.25039235E+01
  0.28877010E+01 -0.24492165E+01
  0.28961083E+01 -0.23940481E+01
  0.29045156E+01 -0.23384752E+01
  0.29129228E+01 -0.22826852E+01
  0.29213301E+01 -0.22626377E+01
  0.29297373E+01 -0.22588923E+01
  0.29381446E+01 -0.22551444E+01
  0.29465519E+01 -0.22513537E+01
  0.29549591E+01 -0.22475141E+01
  0.29633664E+01 -0.22436275E+01
  0.29717736E+01 -0.22397002E+01
  0.29801809E+01 -0.22357419E+01
  0.29885882E+01 -0.22317646E+01
  0.29969954E+01 -0.22277816E+01
  0.30054027E+01 -0.22238059E+01
  0.30138100E+01 -0.22198501E+01
  0.30222172E+01 -0.22159251E+01
  0.30306245E+01 -0.22120397E+01
  0.30390317E+01 -0.22082006E+01
  0.30474390E+01 -0.22044120E+01
  0.30558463E+01 -0.22006766E+01
  0.30642535E+01 -0.21969954E+01
  0.30726608E+01 -0.21933688E+01
  0.30810680E+01 -0.21897971E+01
  0.30894753E+01 -0.21862810E+01
  0.30978826E+01 -0.21828226E+01
  0.31062898E+01 -0.21794253E+01
  0.31146971E+01 -0.21760945E+01
  0.31231044E+01 -0.21728369E+01
  0.31315116E+01 -0.21696609E+01
  0.31399189E+01 -0.21665758E+01
  0.31483261E+01 -0.21635916E+01
  0.31567334E+01 -0.21607198E+01
  0.31651407E+01 -0.22059535E+01
  0.31735479E+01 -0.23415310E+01
  0.31819552E+01 -0.24730857E+01
  0.31903624E+01 -0.26003831E+01
  0.31987697E+01 -0.27232124E+01
  0.32071770E+01 -0.28413638E+01
  0.32155842E+01 -0.29546143E+01
  0.32239915E+01 -0.30627197E+01
  0.32323988E+01 -0.31654106E+01
  0.32408060E+01 -0.32623953E+01
  0.32492133E+01 -0.33533661E+01
  0.32576205E+01 -0.34380090E+01
  0.32660278E+01 -0.35160138E+01
  0.32744351E+01 -0.35870828E+01
  0.32828423E+01 -0.36509370E+01
  0.32912496E+01 -0.37073168E+01
  0.32996568E+01 -0.37559797E+01
  0.33080641E+01 -0.37966940E+01
  0.33164714E+01 -0.38292322E+01
  0.33248557E+01 -0.38533646E+01
  0.33332399E+01 -0.38600475E+01
  0.33416242E+01 -0.38698411E+01
  0.33500085E+01 -0.38826958E+01
  0.33583928E+01 -0.38985480E+01
  0.33667771E+01 -0.39173230E+01
  0.33751614E+01 -0.39389376E+01
  0.33835457E+01 -0.39633035E+01
  0.33919300E+01 -0.39903311E+01
  0.34003143E+01 -0.40199316E+01
  0.34086985E+01 -0.40520201E+01
  0.34170828E+01 -0.40865163E+01
  0.34254671E+01 -0.41233466E+01
  0.34338514E+01 -0.41624432E+01
  0.34422357E+01 -0.42037447E+01
  0.34506200E+01 -0.42471946E+01
  0.34590043E+01 -0.42927401E+01
  0.34673886E+01 -0.43403307E+01
  0.34757728E+01 -0.43899165E+01
  0.34841571E+01 -0.44414465E+01
  0.34925414E+01 -0.44948669E+01
  0.35009257E+01 -0.45501201E+01
  0.35093100E+01 -0.46071433E+01
  0.35176943E+01 -0.46658679E+01
  0.35260786E+01 -0.47262191E+01
  0.35344629E+01 -0.47881156E+01
  0.35428471E+01 -0.48514700E+01
  0.35512314E+01 -0.49161889E+01
  0.35596157E+01 -0.49821737E+01
  0.35680000E+01 -0.50493211E+01
  0.35763843E+01 -0.51175240E+01
  0.35847686E+01 -0.51866722E+01
  0.35931529E+01 -0.52566531E+01
  0.36015372E+01 -0.53273521E+01
  0.36099214E+01 -0.53986534E+01
  0.36183057E+01 -0.54704403E+01
  0.36266900E+01 -0.55425954E+01
  0.36350743E+01 -0.56150008E+01
  0.36434586E+01 -0.56875381E+01
  0.36518429E+01 -0.57600887E+01
  0.36602272E+01 -0.58325334E+01
  0.36686115E+01 -0.59047530E+01
  0.36769957E+01 -0.59766279E+01
  0.36853800E+01 -0.60480389E+01
  0.36937643E+01 -0.61188672E+01
  0.37021486E+01 -0.61889952E+01
  0.37105329E+01 -0.62583066E+01
  0.37189172E+01 -0.63266880E+01
  0.37273015E+01 -0.63940288E+01
  0.37356858E+01 -0.64602220E+01
  0.37440701E+01 -0.65251650E+01
  0.37524543E+01 -0.65887599E+01
  0.37608386E+01 -0.66509130E+01
  0.37692229E+01 -0.67115343E+01
  0.37776072E+01 -0.67705366E+01
  0.37859915E+01 -0.68278325E+01
  0.37943758E+01 -0.68833312E+01
  0.38027601E+01 -0.69369321E+01
  0.38111444E+01 -0.69885152E+01
  0.38195286E+01 -0.70379249E+01
  0.38279129E+01 -0.70849423E+01
  0.38362972E+01 -0.71292384E+01
  0.38446815E+01 -0.71702924E+01
  0.38530658E+01 -0.72072647E+01
  0.38614501E+01 -0.72388633E+01
  0.38698344E+01 -0.72634483E+01
  0.38782187E+01 -0.72798325E+01
  0.38866029E+01 -0.72884131E+01
  0.38949872E+01 -0.72910221E+01
  0.39033715E+01 -0.72896703E+01
  0.39117558E+01 -0.72858287E+01
  0.39201401E+01 -0.72804216E+01
  0.39285244E+01 -0.72740125E+01
  0.39369087E+01 -0.72669522E+01
  0.39452930E+01 -0.72594697E+01
  0.39536772E+01 -0.72517223E+01
  0.39620615E+01 -0.72438244E+01
  0.39704458E+01 -0.72358638E+01
  0.39788301E+01 -0.72279111E+01
  0.39872144E+01 -0.72200256E+01
  0.39955987E+01 -0.72122584E+01
  0.40039830E+01 -0.72046549E+01
  0.40123673E+01 -0.71972558E+01
  0.40207516E+01 -0.71900975E+01
  0.40291358E+01 -0.71832132E+01
  0.40375201E+01 -0.71766324E+01
  0.40459044E+01 -0.71703814E+01
  0.40542887E+01 -0.71644830E+01
  0.40626730E+01 -0.71589571E+01
  0.40710573E+01 -0.71538205E+01
  0.40794416E+01 -0.71490871E+01
  0.40878259E+01 -0.71447685E+01
  0.40962101E+01 -0.71408741E+01
  0.41045944E+01 -0.71374114E+01
  0.41129787E+01 -0.71343869E+01
  0.41213630E+01 -0.71318057E+01
  0.41297473E+01 -0.71296728E+01
  0.41381316E+01 -0.71279925E+01
  0.41465159E+01 -0.71267691E+01
  0.41549002E+01 -0.71260067E+01
  0.41632844E+01 -0.71257094E+01
  
  0.00000000E+00 -0.23378170E+01
  0.83842878E-02 -0.23358876E+01
  0.16768576E-01 -0.23302223E+01
  0.25152864E-01 -0.23209685E+01
  0.33537151E-01 -0.23083455E+01
  0.41921439E-01 -0.22926252E+01
  0.50305727E-01 -0.22741112E+01
  0.58690015E-01 -0.22531183E+01
  0.67074303E-01 -0.22299565E+01
  0.75458591E-01 -0.22049182E+01
  0.83842878E-01 -0.21782702E+01
  0.92227166E-01 -0.21502503E+01
  0.10061145E+00 -0.21210660E+01
  0.10899574E+00 -0.20908963E+01
  0.11738003E+00 -0.20598953E+01
  0.12576432E+00 -0.20281956E+01
  0.13414861E+00 -0.19959122E+01
  0.14253289E+00 -0.19631463E+01
  0.15091718E+00 -0.19299877E+01
  0.15930147E+00 -0.18965174E+01
  0.16768576E+00 -0.18628088E+01
  0.17607004E+00 -0.18289290E+01
  0.18445433E+00 -0.17949391E+01
  0.19283862E+00 -0.17608952E+01
  0.20122291E+00 -0.17268482E+01
  0.20960720E+00 -0.16928441E+01
  0.21799148E+00 -0.16589242E+01
  0.22637577E+00 -0.16251247E+01
  0.23476006E+00 -0.15914771E+01
  0.24314435E+00 -0.15580073E+01
  0.25152864E+00 -0.15247360E+01
  0.25991292E+00 -0.14916789E+01
  0.26829721E+00 -0.14588464E+01
  0.27668150E+00 -0.14262448E+01
  0.28506579E+00 -0.13938771E+01
  0.29345007E+00 -0.13617440E+01
  0.30183436E+00 -0.13298458E+01
  0.31021865E+00 -0.12981840E+01
  0.31860294E+00 -0.12667622E+01
  0.32698723E+00 -0.12355881E+01
  0.33537151E+00 -0.12046740E+01
  0.34375580E+00 -0.11740368E+01
  0.35214009E+00 -0.11436986E+01
  0.36052438E+00 -0.11136851E+01
  0.36890866E+00 -0.10840253E+01
  0.37729295E+00 -0.10547495E+01
  0.38567724E+00 -0.10258879E+01
  0.39406153E+00 -0.99746904E+00
  0.40244582E+00 -0.96951859E+00
  0.41083010E+00 -0.94205768E+00
  0.41921439E+00 -0.91510216E+00
  0.42759868E+00 -0.88866193E+00
  0.43598297E+00 -0.86274058E+00
  0.44436726E+00 -0.83733550E+00
  0.45275154E+00 -0.81243858E+00
  0.46113583E+00 -0.78803999E+00
  0.46952012E+00 -0.82757721E+00
  0.47790441E+00 -0.10560944E+01
  0.48628869E+00 -0.12920890E+01
  0.49467298E+00 -0.15339341E+01
  0.50305727E+00 -0.17800300E+01
  0.51144156E+00 -0.20288131E+01
  0.51982585E+00 -0.22787807E+01
  0.52821013E+00 -0.25285120E+01
  0.53659442E+00 -0.27766859E+01
  0.54497871E+00 -0.30220936E+01
  0.55336300E+00 -0.32636464E+01
  0.56174729E+00 -0.35003802E+01
  0.57013157E+00 -0.37314544E+01
  0.57851586E+00 -0.39561484E+01
  0.58690015E+00 -0.41738535E+01
  0.59528444E+00 -0.43267586E+01
  0.60366872E+00 -0.42971653E+01
  0.61205301E+00 -0.42671922E+01
  0.62043730E+00 -0.42368502E+01
  0.62882159E+00 -0.42061592E+01
  0.63720588E+00 -0.41751511E+01
  0.64559016E+00 -0.41438698E+01
  0.65397445E+00 -0.41123699E+01
  0.66235874E+00 -0.40807156E+01
  0.67074303E+00 -0.40489794E+01
  0.67912732E+00 -0.40172402E+01
  0.68751160E+00 -0.39855822E+01
  0.69589589E+00 -0.39540940E+01
  0.70428018E+00 -0.39228683E+01
  0.71266447E+00 -0.38920026E+01
  0.72104875E+00 -0.38616007E+01
  0.72943304E+00 -0.38317756E+01
  0.73781733E+00 -0.38026533E+01
  0.74620162E+00 -0.37743772E+01
  0.75458591E+00 -0.37471134E+01
  0.76297019E+00 -0.37210565E+01
  0.77135448E+00 -0.36964342E+01
  0.77973877E+00 -0.36735106E+01
  0.78812306E+00 -0.36525866E+01
  0.79650734E+00 -0.36339952E+01
  0.80489163E+00 -0.36180910E+01
  0.81327592E+00 -0.36052308E+01
  0.82166021E+00 -0.35957474E+01
  0.83004450E+00 -0.35899174E+01
  0.83845176E+00 -0.35879288E+01
  0.84685902E+00 -0.35891635E+01
  0.85526628E+00 -0.35929084E+01
  0.86367354E+00 -0.35991416E+01
  0.87208080E+00 -0.36078277E+01
  0.88048807E+00 -0.36189182E+01
  0.88889533E+00 -0.36323530E+01
  0.89730259E+00 -0.36480615E+01
  0.90570985E+00 -0.36659647E+01
  0.91411711E+00 -0.36859757E+01
  0.92252437E+00 -0.37080023E+01
  0.93093163E+00 -0.37319478E+01
  0.93933890E+00 -0.37577124E+01
  0.94774616E+00 -0.37851947E+01
  0.95615342E+00 -0.38142929E+01
  0.96456068E+00 -0.38449055E+01
  0.97296794E+00 -0.38769327E+01
  0.98137520E+00 -0.39102766E+01
  0.98978247E+00 -0.39448422E+01
  0.99818973E+00 -0.39805378E+01
  0.10065970E+01 -0.40172752E+01
  0.10150043E+01 -0.40549702E+01
  0.10234115E+01 -0.40935426E+01
  0.10318188E+01 -0.41329161E+01
  0.10402260E+01 -0.41730186E+01
  0.10486333E+01 -0.42137821E+01
  0.10570406E+01 -0.42551421E+01
  0.10654478E+01 -0.42970380E+01
  0.10738551E+01 -0.43394126E+01
  0.10822623E+01 -0.43822120E+01
  0.10906696E+01 -0.44253852E+01
  0.10990769E+01 -0.44688842E+01
  0.11074841E+01 -0.45126638E+01
  0.11158914E+01 -0.45566813E+01
  0.11242987E+01 -0.46008966E+01
  0.11327059E+01 -0.46452723E+01
  0.11411132E+01 -0.46897729E+01
  0.11495204E+01 -0.47343655E+01
  0.11579277E+01 -0.47790187E+01
  0.11663350E+01 -0.48237030E+01
  0.11747422E+01 -0.48683903E+01
  0.11831495E+01 -0.49130536E+01
  0.11915567E+01 -0.49576668E+01
  0.11999640E+01 -0.50022046E+01
  0.12083713E+01 -0.50466423E+01
  0.12167785E+01 -0.50909557E+01
  0.12251858E+01 -0.51351207E+01
  0.12335931E+01 -0.51791139E+01
  0.12420003E+01 -0.52229119E+01
  0.12504076E+01 -0.52664912E+01
  0.12588148E+01 -0.53098283E+01
  0.12672221E+01 -0.53528993E+01
  0.12756294E+01 -0.53956798E+01
  0.12840366E+01 -0.54381447E+01
  0.12924439E+01 -0.54802683E+01
  0.13008511E+01 -0.55220238E+01
  0.13092584E+01 -0.55633836E+01
  0.13176657E+01 -0.56043190E+01
  0.13260729E+01 -0.56447999E+01
  0.13344802E+01 -0.56847952E+01
  0.13428875E+01 -0.57242716E+01
  0.13512947E+01 -0.57631943E+01
  0.13597020E+01 -0.58015255E+01
  0.13681092E+01 -0.58392244E+01
  0.13765165E+01 -0.58762464E+01
  0.13849238E+01 -0.59125418E+01
  0.13933310E+01 -0.59480549E+01
  0.14017383E+01 -0.59827225E+01
  0.14101455E+01 -0.60164727E+01
  0.14185528E+01 -0.60492223E+01
  0.14269601E+01 -0.60808755E+01
  0.14353673E+01 -0.61113217E+01
  0.14437746E+01 -0.61404330E+01
  0.14521819E+01 -0.61680627E+01
  0.14605891E+01 -0.61940438E+01
  0.14689964E+01 -0.62181882E+01
  0.14774036E+01 -0.62402880E+01
  0.14858109E+01 -0.62601184E+01
  0.14942182E+01 -0.62774430E+01
  0.15026254E+01 -0.62920235E+01
  0.15110327E+01 -0.63036319E+01
  0.15194399E+01 -0.63120658E+01
  0.15278472E+01 -0.63171647E+01
  0.15362381E+01 -0.63188259E+01
  0.15446291E+01 -0.63173210E+01
  0.15530200E+01 -0.63127581E+01
  0.15614109E+01 -0.63052245E+01
  0.15698019E+01 -0.62948593E+01
  0.15781928E+01 -0.62818421E+01
  0.15865837E+01 -0.62663790E+01
  0.15949747E+01 -0.62486902E+01
  0.16033656E+01 -0.62289982E+01
  0.16117565E+01 -0.62075194E+01
  0.16201475E+01 -0.61844578E+01
  0.16285384E+01 -0.61600017E+01
  0.16369294E+01 -0.61343223E+01
  0.16453203E+01 -0.61075742E+01
  0.16537112E+01 -0.60798964E+01
  0.16621022E+01 -0.60514139E+01
  0.16704931E+01 -0.60222399E+01
  0.16788840E+01 -0.59924769E+01
  0.16872750E+01 -0.59622184E+01
  0.16956659E+01 -0.59315500E+01
  0.17040568E+01 -0.59005493E+01
  0.17124478E+01 -0.58692873E+01
  0.17208387E+01 -0.58378281E+01
  0.17292296E+01 -0.58062293E+01
  0.17376206E+01 -0.57745425E+01
  0.17460115E+01 -0.57428137E+01
  0.17544024E+01 -0.57110837E+01
  0.17627934E+01 -0.56793888E+01
  0.17711843E+01 -0.56477612E+01
  0.17795752E+01 -0.56162297E+01
  0.17879662E+01 -0.55848201E+01
  0.17963571E+01 -0.55535549E+01
  0.18047480E+01 -0.55224541E+01
  0.18131390E+01 -0.54915346E+01
  0.18215299E+01 -0.54608106E+01
  0.18299208E+01 -0.54302934E+01
  0.18383118E+01 -0.53999914E+01
  0.18467027E+01 -0.53699110E+01
  0.18550936E+01 -0.53400563E+01
  0.18634846E+01 -0.53104306E+01
  0.18718755E+01 -0.52810363E+01
  0.18802664E+01 -0.52518759E+01
  0.18886574E+01 -0.52229526E+01
  0.18970483E+01 -0.51942703E+01
  0.19054392E+01 -0.51658335E+01
  0.19138302E+01 -0.51376476E+01
  0.19222211E+01 -0.51097175E+01
  0.19306121E+01 -0.50820477E+01
  0.19390030E+01 -0.50546411E+01
  0.19473939E+01 -0.50274990E+01
  0.19557849E+01 -0.50006202E+01
  0.19641758E+01 -0.49740010E+01
  0.19725667E+01 -0.49476359E+01
  0.19809577E+01 -0.49215174E+01
  0.19893486E+01 -0.48956373E+01
  0.19977395E+01 -0.48699856E+01
  0.20061305E+01 -0.47519653E+01
  0.20145214E+01 -0.45780481E+01
  0.20229123E+01 -0.43975445E+01
  0.20313033E+01 -0.42104411E+01
  0.20396942E+01 -0.40168149E+01
  0.20480851E+01 -0.38168312E+01
  0.20564761E+01 -0.36107360E+01
  0.20648670E+01 -0.33988506E+01
  0.20732579E+01 -0.31815710E+01
  0.20816489E+01 -0.29593748E+01
  0.20900398E+01 -0.27328365E+01
  0.20984307E+01 -0.25026470E+01
  0.21068217E+01 -0.22696344E+01
  0.21152126E+01 -0.20347814E+01
  0.21236035E+01 -0.17992354E+01
  0.21319945E+01 -0.15643081E+01
  0.21403854E+01 -0.13314661E+01
  0.21487763E+01 -0.11253521E+01
  0.21571673E+01 -0.10997488E+01
  0.21655582E+01 -0.10776084E+01
  0.21739491E+01 -0.10592269E+01
  0.21823401E+01 -0.10448756E+01
  0.21907310E+01 -0.10347810E+01
  0.21991219E+01 -0.10291060E+01
  0.22075129E+01 -0.10279337E+01
  0.22159038E+01 -0.10312578E+01
  0.22242948E+01 -0.10389799E+01
  0.22326857E+01 -0.10509155E+01
  0.22410766E+01 -0.10668065E+01
  0.22494676E+01 -0.10863377E+01
  0.22578585E+01 -0.11091562E+01
  0.22662494E+01 -0.11348898E+01
  0.22746404E+01 -0.11631635E+01
  0.22830313E+01 -0.11936129E+01
  0.22914222E+01 -0.12258949E+01
  0.22998132E+01 -0.12596942E+01
  0.23082041E+01 -0.12947278E+01
  0.23165950E+01 -0.13307461E+01
  0.23249860E+01 -0.13675329E+01
  0.23333769E+01 -0.14049032E+01
  0.23417678E+01 -0.14426995E+01
  0.23501588E+01 -0.14807882E+01
  0.23585497E+01 -0.15190546E+01
  0.23669406E+01 -0.15573978E+01
  0.23753316E+01 -0.15957260E+01
  0.23837225E+01 -0.16339527E+01
  0.23921134E+01 -0.16719925E+01
  0.24005044E+01 -0.17097598E+01
  0.24088953E+01 -0.17471665E+01
  0.24172862E+01 -0.17841227E+01
  0.24256772E+01 -0.18205367E+01
  0.24340681E+01 -0.18563169E+01
  0.24424590E+01 -0.18913730E+01
  0.24508500E+01 -0.19256180E+01
  0.24592409E+01 -0.19589701E+01
  0.24676318E+01 -0.19913533E+01
  0.24760228E+01 -0.20226988E+01
  0.24844137E+01 -0.20529444E+01
  0.24928046E+01 -0.20820340E+01
  0.25011956E+01 -0.21099155E+01
  0.25095865E+01 -0.21365388E+01
  0.25179775E+01 -0.21618528E+01
  0.25263684E+01 -0.21858022E+01
  0.25347593E+01 -0.22083254E+01
  0.25431503E+01 -0.22293522E+01
  0.25515412E+01 -0.22488030E+01
  0.25599321E+01 -0.22665896E+01
  0.25683231E+01 -0.22826169E+01
  0.25767140E+01 -0.22967858E+01
  0.25851049E+01 -0.23089974E+01
  0.25934959E+01 -0.23191577E+01
  0.26018868E+01 -0.23271820E+01
  0.26102777E+01 -0.23329995E+01
  0.26186687E+01 -0.23365562E+01
  0.26270759E+01 -0.23378170E+01
  0.26354832E+01 -0.23375956E+01
  0.26438904E+01 -0.23371936E+01
  0.26522977E+01 -0.23366319E+01
  0.26607050E+01 -0.23359370E+01
  0.26691122E+01 -0.23351375E+01
  0.26775195E+01 -0.23342610E+01
  0.26859268E+01 -0.23333310E+01
  0.26943340E+01 -0.23323640E+01
  0.27027413E+01 -0.23313677E+01
  0.27111485E+01 -0.23303401E+01
  0.27195558E+01 -0.23292694E+01
  0.27279631E+01 -0.23281356E+01
  0.27363703E+01 -0.23269123E+01
  0.27447776E+01 -0.23255696E+01
  0.27531848E+01 -0.23240772E+01
  0.27615921E+01 -0.23224073E+01
  0.27699994E+01 -0.23205372E+01
  0.27784066E+01 -0.23184511E+01
  0.27868139E+01 -0.23161417E+01
  0.27952212E+01 -0.23136105E+01
  0.28036284E+01 -0.23108672E+01
  0.28120357E+01 -0.23079294E+01
  0.28204429E+01 -0.23048203E+01
  0.28288502E+01 -0.23015676E+01
  0.28372575E+01 -0.22982005E+01
  0.28456647E+01 -0.22947481E+01
  0.28540720E+01 -0.22912367E+01
  0.28624792E+01 -0.22876887E+01
  0.28708865E+01 -0.22841207E+01
  0.28792938E+01 -0.22805429E+01
  0.28877010E+01 -0.22769588E+01
  0.28961083E+01 -0.22733649E+01
  0.29045156E+01 -0.22697456E+01
  0.29129228E+01 -0.22659600E+01
  0.29213301E+01 -0.22260985E+01
  0.29297373E+01 -0.21696541E+01
  0.29381446E+01 -0.21129845E+01
  0.29465519E+01 -0.20561817E+01
  0.29549591E+01 -0.19992992E+01
  0.29633664E+01 -0.19423769E+01
  0.29717736E+01 -0.18854422E+01
  0.29801809E+01 -0.18285107E+01
  0.29885882E+01 -0.17715873E+01
  0.29969954E+01 -0.17146680E+01
  0.30054027E+01 -0.16577431E+01
  0.30138100E+01 -0.16008004E+01
  0.30222172E+01 -0.15438286E+01
  0.30306245E+01 -0.14868206E+01
  0.30390317E+01 -0.14297754E+01
  0.30474390E+01 -0.13726995E+01
  0.30558463E+01 -0.13156073E+01
  0.30642535E+01 -0.12585202E+01
  0.30726608E+01 -0.12014656E+01
  0.30810680E+01 -0.11444765E+01
  0.30894753E+01 -0.10876015E+01
  0.30978826E+01 -0.10323890E+01
  0.31062898E+01 -0.11747067E+01
  0.31146971E+01 -0.13271539E+01
  0.31231044E+01 -0.14789982E+01
  0.31315116E+01 -0.16294742E+01
  0.31399189E+01 -0.17779240E+01
  0.31483261E+01 -0.19237846E+01
  0.31567334E+01 -0.20665823E+01
  0.31651407E+01 -0.21579447E+01
  0.31735479E+01 -0.21553228E+01
  0.31819552E+01 -0.21528255E+01
  0.31903624E+01 -0.21504645E+01
  0.31987697E+01 -0.21482434E+01
  0.32071770E+01 -0.21461644E+01
  0.32155842E+01 -0.21442283E+01
  0.32239915E+01 -0.21424355E+01
  0.32323988E+01 -0.21407857E+01
  0.32408060E+01 -0.21392790E+01
  0.32492133E+01 -0.21379159E+01
  0.32576205E+01 -0.21366971E+01
  0.32660278E+01 -0.21356247E+01
  0.32744351E+01 -0.21347008E+01
  0.32828423E+01 -0.21339286E+01
  0.32912496E+01 -0.21333112E+01
  0.32996568E+01 -0.21328513E+01
  0.33080641E+01 -0.21325511E+01
  0.33164714E+01 -0.21324113E+01
  0.33248557E+01 -0.21324312E+01
  0.33332399E+01 -0.21340554E+01
  0.33416242E+01 -0.21390338E+01
  0.33500085E+01 -0.21473346E+01
  0.33583928E+01 -0.21589045E+01
  0.33667771E+01 -0.21736697E+01
  0.33751614E+01 -0.21915379E+01
  0.33835457E+01 -0.22124009E+01
  0.33919300E+01 -0.22361374E+01
  0.34003143E+01 -0.22626152E+01
  0.34086985E+01 -0.22916949E+01
  0.34170828E+01 -0.23232323E+01
  0.34254671E+01 -0.23570809E+01
  0.34338514E+01 -0.23930944E+01
  0.34422357E+01 -0.24311280E+01
  0.34506200E+01 -0.24710409E+01
  0.34590043E+01 -0.25126963E+01
  0.34673886E+01 -0.25559634E+01
  0.34757728E+01 -0.26007170E+01
  0.34841571E+01 -0.26468385E+01
  0.34925414E+01 -0.26942156E+01
  0.35009257E+01 -0.27427423E+01
  0.35093100E+01 -0.27923191E+01
  0.35176943E+01 -0.28428523E+01
  0.35260786E+01 -0.28942543E+01
  0.35344629E+01 -0.29464429E+01
  0.35428471E+01 -0.29993411E+01
  0.35512314E+01 -0.30528771E+01
  0.35596157E+01 -0.31069841E+01
  0.35680000E+01 -0.31615995E+01
  0.35763843E+01 -0.32166659E+01
  0.35847686E+01 -0.32721295E+01
  0.35931529E+01 -0.33279413E+01
  0.36015372E+01 -0.33840557E+01
  0.36099214E+01 -0.34404310E+01
  0.36183057E+01 -0.34970289E+01
  0.36266900E+01 -0.35538140E+01
  0.36350743E+01 -0.36107534E+01
  0.36434586E+01 -0.36678167E+01
  0.36518429E+01 -0.37249749E+01
  0.36602272E+01 -0.37822004E+01
  0.36686115E+01 -0.38394664E+01
  0.36769957E+01 -0.38967467E+01
  0.36853800E+01 -0.39540153E+01
  0.36937643E+01 -0.40112460E+01
  0.37021486E+01 -0.40684129E+01
  0.37105329E+01 -0.41254895E+01
  0.37189172E+01 -0.41824498E+01
  0.37273015E+01 -0.42392675E+01
  0.37356858E+01 -0.42959170E+01
  0.37440701E+01 -0.43523733E+01
  0.37524543E+01 -0.44086124E+01
  0.37608386E+01 -0.44646117E+01
  0.37692229E+01 -0.45203501E+01
  0.37776072E+01 -0.45758081E+01
  0.37859915E+01 -0.46309680E+01
  0.37943758E+01 -0.46858138E+01
  0.38027601E+01 -0.47403311E+01
  0.38111444E+01 -0.47945066E+01
  0.38195286E+01 -0.48483277E+01
  0.38279129E+01 -0.49017823E+01
  0.38362972E+01 -0.49548577E+01
  0.38446815E+01 -0.50075404E+01
  0.38530658E+01 -0.50598152E+01
  0.38614501E+01 -0.51116646E+01
  0.38698344E+01 -0.51630684E+01
  0.38782187E+01 -0.52140033E+01
  0.38866029E+01 -0.52644422E+01
  0.38949872E+01 -0.53143546E+01
  0.39033715E+01 -0.53637061E+01
  0.39117558E+01 -0.54124590E+01
  0.39201401E+01 -0.54605720E+01
  0.39285244E+01 -0.55080016E+01
  0.39369087E+01 -0.55547015E+01
  0.39452930E+01 -0.56006241E+01
  0.39536772E+01 -0.56457206E+01
  0.39620615E+01 -0.56899414E+01
  0.39704458E+01 -0.57332367E+01
  0.39788301E+01 -0.57755565E+01
  0.39872144E+01 -0.58168505E+01
  0.39955987E+01 -0.58570677E+01
  0.40039830E+01 -0.58961559E+01
  0.40123673E+01 -0.59340607E+01
  0.40207516E+01 -0.59707246E+01
  0.40291358E+01 -0.60060853E+01
  0.40375201E+01 -0.60400749E+01
  0.40459044E+01 -0.60726184E+01
  0.40542887E+01 -0.61036327E+01
  0.40626730E+01 -0.61330263E+01
  0.40710573E+01 -0.61606985E+01
  0.40794416E+01 -0.61865404E+01
  0.40878259E+01 -0.62104359E+01
  0.40962101E+01 -0.62322639E+01
  0.41045944E+01 -0.62519005E+01
  0.41129787E+01 -0.62692231E+01
  0.41213630E+01 -0.62841138E+01
  0.41297473E+01 -0.62964638E+01
  0.41381316E+01 -0.63061776E+01
  0.41465159E+01 -0.63131771E+01
  0.41549002E+01 -0.63174047E+01
  0.41632844E+01 -0.63188259E+01
  
  0.00000000E+00  0.40152236E+00
  0.83842878E-02  0.40273981E+00
  0.16768576E-01  0.40622651E+00
  0.25152864E-01  0.41181903E+00
  0.33537151E-01  0.41925614E+00
  0.41921439E-01  0.42819263E+00
  0.50305727E-01  0.43821790E+00
  0.58690015E-01  0.44887810E+00
  0.67074303E-01  0.45970097E+00
  0.75458591E-01  0.47022209E+00
  0.83842878E-01  0.48001133E+00
  0.92227166E-01  0.48869807E+00
  0.10061145E+00  0.49599401E+00
  0.10899574E+00  0.50171226E+00
  0.11738003E+00  0.50578170E+00
  0.12576432E+00  0.50825568E+00
  0.13414861E+00  0.50931461E+00
  0.14253289E+00  0.50926208E+00
  0.15091718E+00  0.50851455E+00
  0.15930147E+00  0.50758512E+00
  0.16768576E+00  0.50706180E+00
  0.17607004E+00  0.50758117E+00
  0.18445433E+00  0.50979843E+00
  0.19283862E+00  0.51435493E+00
  0.20122291E+00  0.52184437E+00
  0.20960720E+00  0.53277908E+00
  0.21799148E+00  0.54755754E+00
  0.22637577E+00  0.56643471E+00
  0.23476006E+00  0.58949623E+00
  0.24314435E+00  0.61663777E+00
  0.25152864E+00  0.64755035E+00
  0.25991292E+00  0.68171193E+00
  0.26829721E+00  0.71838059E+00
  0.27668150E+00  0.73123305E+00
  0.28506579E+00  0.65940022E+00
  0.29345007E+00  0.58936026E+00
  0.30183436E+00  0.52127120E+00
  0.31021865E+00  0.45513704E+00
  0.31860294E+00  0.39086856E+00
  0.32698723E+00  0.32829392E+00
  0.33537151E+00  0.26717179E+00
  0.34375580E+00  0.20720765E+00
  0.35214009E+00  0.14807274E+00
  0.36052438E+00  0.89424401E-01
  0.36890866E+00  0.30926761E-01
  0.37729295E+00 -0.27729498E-01
  0.38567724E+00 -0.86809562E-01
  0.39406153E+00 -0.14652018E+00
  0.40244582E+00 -0.20699949E+00
  0.41083010E+00 -0.26831162E+00
  0.41921439E+00 -0.33044620E+00
  0.42759868E+00 -0.39332271E+00
  0.43598297E+00 -0.45679912E+00
  0.44436726E+00 -0.52068406E+00
  0.45275154E+00 -0.58475147E+00
  0.46113583E+00 -0.64875656E+00
  0.46952012E+00 -0.76406385E+00
  0.47790441E+00 -0.77561366E+00
  0.48628869E+00 -0.83801095E+00
  0.49467298E+00 -0.89948979E+00
  0.50305727E+00 -0.95992097E+00
  0.51144156E+00 -0.10192274E+01
  0.51982585E+00 -0.10773822E+01
  0.52821013E+00 -0.11344066E+01
  0.53659442E+00 -0.11903641E+01
  0.54497871E+00 -0.12453538E+01
  0.55336300E+00 -0.12995004E+01
  0.56174729E+00 -0.13529446E+01
  0.57013157E+00 -0.14058316E+01
  0.57851586E+00 -0.14583013E+01
  0.58690015E+00 -0.15104782E+01
  0.59528444E+00 -0.15624636E+01
  0.60366872E+00 -0.16143288E+01
  0.61205301E+00 -0.16661113E+01
  0.62043730E+00 -0.17178127E+01
  0.62882159E+00 -0.17693992E+01
  0.63720588E+00 -0.18208039E+01
  0.64559016E+00 -0.18719313E+01
  0.65397445E+00 -0.19226628E+01
  0.66235874E+00 -0.19728632E+01
  0.67074303E+00 -0.20223874E+01
  0.67912732E+00 -0.20710867E+01
  0.68751160E+00 -0.21188142E+01
  0.69589589E+00 -0.21654293E+01
  0.70428018E+00 -0.22107997E+01
  0.71266447E+00 -0.22548022E+01
  0.72104875E+00 -0.22973216E+01
  0.72943304E+00 -0.23382466E+01
  0.73781733E+00 -0.23774656E+01
  0.74620162E+00 -0.24148590E+01
  0.75458591E+00 -0.24502924E+01
  0.76297019E+00 -0.24836082E+01
  0.77135448E+00 -0.25146179E+01
  0.77973877E+00 -0.25430967E+01
  0.78812306E+00 -0.25687805E+01
  0.79650734E+00 -0.25913688E+01
  0.80489163E+00 -0.26105336E+01
  0.81327592E+00 -0.26259380E+01
  0.82166021E+00 -0.26372618E+01
  0.83004450E+00 -0.26442338E+01
  0.83845176E+00 -0.26466639E+01
  0.84685902E+00 -0.26470065E+01
  0.85526628E+00 -0.26478919E+01
  0.86367354E+00 -0.26493179E+01
  0.87208080E+00 -0.26512821E+01
  0.88048807E+00 -0.26537817E+01
  0.88889533E+00 -0.26568142E+01
  0.89730259E+00 -0.26603768E+01
  0.90570985E+00 -0.26644667E+01
  0.91411711E+00 -0.26690811E+01
  0.92252437E+00 -0.26742167E+01
  0.93093163E+00 -0.26798697E+01
  0.93933890E+00 -0.26860352E+01
  0.94774616E+00 -0.26927071E+01
  0.95615342E+00 -0.26998778E+01
  0.96456068E+00 -0.27075377E+01
  0.97296794E+00 -0.27156752E+01
  0.98137520E+00 -0.27242764E+01
  0.98978247E+00 -0.27333250E+01
  0.99818973E+00 -0.27428029E+01
  0.10065970E+01 -0.27526896E+01
  0.10150043E+01 -0.27629633E+01
  0.10234115E+01 -0.27736006E+01
  0.10318188E+01 -0.27845778E+01
  0.10402260E+01 -0.27958706E+01
  0.10486333E+01 -0.28074553E+01
  0.10570406E+01 -0.28193092E+01
  0.10654478E+01 -0.28314109E+01
  0.10738551E+01 -0.28437407E+01
  0.10822623E+01 -0.28562808E+01
  0.10906696E+01 -0.28690155E+01
  0.10990769E+01 -0.28819307E+01
  0.11074841E+01 -0.28950137E+01
  0.11158914E+01 -0.29082531E+01
  0.11242987E+01 -0.29216374E+01
  0.11327059E+01 -0.29351552E+01
  0.11411132E+01 -0.29487941E+01
  0.11495204E+01 -0.29625405E+01
  0.11579277E+01 -0.29763786E+01
  0.11663350E+01 -0.29902909E+01
  0.11747422E+01 -0.30042575E+01
  0.11831495E+01 -0.30182563E+01
  0.11915567E+01 -0.30322635E+01
  0.11999640E+01 -0.30462539E+01
  0.12083713E+01 -0.30602011E+01
  0.12167785E+01 -0.30740786E+01
  0.12251858E+01 -0.30878599E+01
  0.12335931E+01 -0.31015192E+01
  0.12420003E+01 -0.31150323E+01
  0.12504076E+01 -0.31283765E+01
  0.12588148E+01 -0.31415311E+01
  0.12672221E+01 -0.31544777E+01
  0.12756294E+01 -0.31672003E+01
  0.12840366E+01 -0.31796846E+01
  0.12924439E+01 -0.31919186E+01
  0.13008511E+01 -0.32038915E+01
  0.13092584E+01 -0.32155938E+01
  0.13176657E+01 -0.32270163E+01
  0.13260729E+01 -0.32381500E+01
  0.13344802E+01 -0.32489855E+01
  0.13428875E+01 -0.32595127E+01
  0.13512947E+01 -0.32697202E+01
  0.13597020E+01 -0.32795957E+01
  0.13681092E+01 -0.32891255E+01
  0.13765165E+01 -0.32982949E+01
  0.13849238E+01 -0.33070883E+01
  0.13933310E+01 -0.33154894E+01
  0.14017383E+01 -0.33234820E+01
  0.14101455E+01 -0.33310498E+01
  0.14185528E+01 -0.33381771E+01
  0.14269601E+01 -0.33448493E+01
  0.14353673E+01 -0.33510527E+01
  0.14437746E+01 -0.33567752E+01
  0.14521819E+01 -0.33620065E+01
  0.14605891E+01 -0.33667376E+01
  0.14689964E+01 -0.33709618E+01
  0.14774036E+01 -0.33746735E+01
  0.14858109E+01 -0.33778693E+01
  0.14942182E+01 -0.33805470E+01
  0.15026254E+01 -0.33827058E+01
  0.15110327E+01 -0.33843463E+01
  0.15194399E+01 -0.33854700E+01
  0.15278472E+01 -0.33860793E+01
  0.15362381E+01 -0.33861776E+01
  0.15446291E+01 -0.33857474E+01
  0.15530200E+01 -0.33842774E+01
  0.15614109E+01 -0.33817548E+01
  0.15698019E+01 -0.33781671E+01
  0.15781928E+01 -0.33735033E+01
  0.15865837E+01 -0.33677551E+01
  0.15949747E+01 -0.33609177E+01
  0.16033656E+01 -0.33529905E+01
  0.16117565E+01 -0.33439769E+01
  0.16201475E+01 -0.33338842E+01
  0.16285384E+01 -0.33227224E+01
  0.16369294E+01 -0.33105033E+01
  0.16453203E+01 -0.32972393E+01
  0.16537112E+01 -0.32829415E+01
  0.16621022E+01 -0.32676189E+01
  0.16704931E+01 -0.32512774E+01
  0.16788840E+01 -0.32339187E+01
  0.16872750E+01 -0.32155407E+01
  0.16956659E+01 -0.31961373E+01
  0.17040568E+01 -0.31756995E+01
  0.17124478E+01 -0.31542164E+01
  0.17208387E+01 -0.31316767E+01
  0.17292296E+01 -0.31080704E+01
  0.17376206E+01 -0.30833902E+01
  0.17460115E+01 -0.30576335E+01
  0.17544024E+01 -0.30308030E+01
  0.17627934E+01 -0.30029079E+01
  0.17711843E+01 -0.29739642E+01
  0.17795752E+01 -0.29439942E+01
  0.17879662E+01 -0.29130259E+01
  0.17963571E+01 -0.28810914E+01
  0.18047480E+01 -0.28482258E+01
  0.18131390E+01 -0.28144644E+01
  0.18215299E+01 -0.27798414E+01
  0.18299208E+01 -0.27443875E+01
  0.18383118E+01 -0.27081290E+01
  0.18467027E+01 -0.26710863E+01
  0.18550936E+01 -0.26332743E+01
  0.18634846E+01 -0.25947025E+01
  0.18718755E+01 -0.25553765E+01
  0.18802664E+01 -0.25152999E+01
  0.18886574E+01 -0.24744765E+01
  0.18970483E+01 -0.24329123E+01
  0.19054392E+01 -0.23906186E+01
  0.19138302E+01 -0.23476132E+01
  0.19222211E+01 -0.23039217E+01
  0.19306121E+01 -0.22595786E+01
  0.19390030E+01 -0.22146265E+01
  0.19473939E+01 -0.21691152E+01
  0.19557849E+01 -0.21231006E+01
  0.19641758E+01 -0.20766425E+01
  0.19725667E+01 -0.20298031E+01
  0.19809577E+01 -0.19826458E+01
  0.19893486E+01 -0.19352343E+01
  0.19977395E+01 -0.18876334E+01
  0.20061305E+01 -0.18399100E+01
  0.20145214E+01 -0.17921352E+01
  0.20229123E+01 -0.17443873E+01
  0.20313033E+01 -0.16967546E+01
  0.20396942E+01 -0.16493377E+01
  0.20480851E+01 -0.16022520E+01
  0.20564761E+01 -0.15556282E+01
  0.20648670E+01 -0.15096133E+01
  0.20732579E+01 -0.14643693E+01
  0.20816489E+01 -0.14200727E+01
  0.20900398E+01 -0.13769133E+01
  0.20984307E+01 -0.13350936E+01
  0.21068217E+01 -0.12948284E+01
  0.21152126E+01 -0.12563461E+01
  0.21236035E+01 -0.12198898E+01
  0.21319945E+01 -0.11857185E+01
  0.21403854E+01 -0.11541082E+01
  0.21487763E+01 -0.11023081E+01
  0.21571673E+01 -0.87854418E+00
  0.21655582E+01 -0.66194572E+00
  0.21739491E+01 -0.45431739E+00
  0.21823401E+01 -0.25744541E+00
  0.21907310E+01 -0.73049353E-01
  0.21991219E+01  0.97269567E-01
  0.22075129E+01  0.25208017E+00
  0.22159038E+01  0.39016323E+00
  0.22242948E+01  0.51044655E+00
  0.22326857E+01  0.59061417E+00
  0.22410766E+01  0.61378659E+00
  0.22494676E+01  0.64035008E+00
  0.22578585E+01  0.67073762E+00
  0.22662494E+01  0.70475103E+00
  0.22746404E+01  0.74216656E+00
  0.22830313E+01  0.78276272E+00
  0.22914222E+01  0.82629742E+00
  0.22998132E+01  0.83318448E+00
  0.23082041E+01  0.80736804E+00
  0.23165950E+01  0.77668871E+00
  0.23249860E+01  0.74343605E+00
  0.23333769E+01  0.70973355E+00
  0.23417678E+01  0.67746660E+00
  0.23501588E+01  0.64821082E+00
  0.23585497E+01  0.62317610E+00
  0.23669406E+01  0.60317079E+00
  0.23753316E+01  0.58858888E+00
  0.23837225E+01  0.57942093E+00
  0.23921134E+01  0.57528820E+00
  0.24005044E+01  0.57549737E+00
  0.24088953E+01  0.57911183E+00
  0.24172862E+01  0.58503429E+00
  0.24256772E+01  0.59209445E+00
  0.24340681E+01  0.59913562E+00
  0.24424590E+01  0.60509421E+00
  0.24508500E+01  0.60906681E+00
  0.24592409E+01  0.61036106E+00
  0.24676318E+01  0.60852758E+00
  0.24760228E+01  0.60337195E+00
  0.24844137E+01  0.59494719E+00
  0.24928046E+01  0.58352849E+00
  0.25011956E+01  0.56957347E+00
  0.25095865E+01  0.55367203E+00
  0.25179775E+01  0.53649084E+00
  0.25263684E+01  0.51871750E+00
  0.25347593E+01  0.50100936E+00
  0.25431503E+01  0.48395104E+00
  0.25515412E+01  0.46802371E+00
  0.25599321E+01  0.45358779E+00
  0.25683231E+01  0.44087915E+00
  0.25767140E+01  0.43001768E+00
  0.25851049E+01  0.42102604E+00
  0.25934959E+01  0.41385538E+00
  0.26018868E+01  0.40841473E+00
  0.26102777E+01  0.40460035E+00
  0.26186687E+01  0.40232190E+00
  0.26270759E+01  0.40152236E+00
  0.26354832E+01  0.40166001E+00
  0.26438904E+01  0.40198155E+00
  0.26522977E+01  0.40247735E+00
  0.26607050E+01  0.40314705E+00
  0.26691122E+01  0.40400190E+00
  0.26775195E+01  0.40506660E+00
  0.26859268E+01  0.40638053E+00
  0.26943340E+01  0.40799857E+00
  0.27027413E+01  0.40999118E+00
  0.27111485E+01  0.41244403E+00
  0.27195558E+01  0.41545700E+00
  0.27279631E+01  0.41914240E+00
  0.27363703E+01  0.42362244E+00
  0.27447776E+01  0.42902572E+00
  0.27531848E+01  0.43548277E+00
  0.27615921E+01  0.44312064E+00
  0.27699994E+01  0.45205681E+00
  0.27784066E+01  0.46239246E+00
  0.27868139E+01  0.47420561E+00
  0.27952212E+01  0.48754405E+00
  0.28036284E+01  0.50241849E+00
  0.28120357E+01  0.51879588E+00
  0.28204429E+01  0.53659291E+00
  0.28288502E+01  0.55566981E+00
  0.28372575E+01  0.57582459E+00
  0.28456647E+01  0.59678793E+00
  0.28540720E+01  0.61821913E+00
  0.28624792E+01  0.63970387E+00
  0.28708865E+01  0.66075394E+00
  0.28792938E+01  0.68080958E+00
  0.28877010E+01  0.69924440E+00
  0.28961083E+01  0.71537263E+00
  0.29045156E+01  0.72845834E+00
  0.29129228E+01  0.73772611E+00
  0.29213301E+01  0.74237275E+00
  0.29297373E+01  0.74158033E+00
  0.29381446E+01  0.73453096E+00
  0.29465519E+01  0.72042435E+00
  0.29549591E+01  0.69849902E+00
  0.29633664E+01  0.66805737E+00
  0.29717736E+01  0.62849362E+00
  0.29801809E+01  0.57932216E+00
  0.29885882E+01  0.52020297E+00
  0.29969954E+01  0.45096062E+00
  0.30054027E+01  0.37159446E+00
  0.30138100E+01  0.28227934E+00
  0.30222172E+01  0.18335787E+00
  0.30306245E+01  0.75326326E-01
  0.30390317E+01 -0.41183476E-01
  0.30474390E+01 -0.16542444E+00
  0.30558463E+01 -0.29655536E+00
  0.30642535E+01 -0.43366243E+00
  0.30726608E+01 -0.57578058E+00
  0.30810680E+01 -0.72191370E+00
  0.30894753E+01 -0.87104439E+00
  0.30978826E+01 -0.10206690E+01
  0.31062898E+01 -0.97399693E+00
  0.31146971E+01 -0.91755607E+00
  0.31231044E+01 -0.86127093E+00
  0.31315116E+01 -0.80517698E+00
  0.31399189E+01 -0.74928915E+00
  0.31483261E+01 -0.69361871E+00
  0.31567334E+01 -0.63817830E+00
  0.31651407E+01 -0.58298660E+00
  0.31735479E+01 -0.52807356E+00
  0.31819552E+01 -0.47348602E+00
  0.31903624E+01 -0.41929349E+00
  0.31987697E+01 -0.36559323E+00
  0.32071770E+01 -0.31251424E+00
  0.32155842E+01 -0.26021952E+00
  0.32239915E+01 -0.20890712E+00
  0.32323988E+01 -0.15881044E+00
  0.32408060E+01 -0.11019951E+00
  0.32492133E+01 -0.63385064E-01
  0.32576205E+01 -0.18727623E-01
  0.32660278E+01  0.23347008E-01
  0.32744351E+01  0.62326295E-01
  0.32828423E+01  0.97587544E-01
  0.32912496E+01  0.12838225E+00
  0.32996568E+01  0.15384501E+00
  0.33080641E+01  0.17304811E+00
  0.33164714E+01  0.18511625E+00
  0.33248557E+01  0.18938888E+00
  0.33332399E+01  0.18775784E+00
  0.33416242E+01  0.18271401E+00
  0.33500085E+01  0.17424573E+00
  0.33583928E+01  0.16234602E+00
  0.33667771E+01  0.14701795E+00
  0.33751614E+01  0.12828066E+00
  0.33835457E+01  0.10617564E+00
  0.33919300E+01  0.80772249E-01
  0.34003143E+01  0.52172026E-01
  0.34086985E+01  0.20511151E-01
  0.34170828E+01 -0.14039196E-01
  0.34254671E+01 -0.51274743E-01
  0.34338514E+01 -0.90962217E-01
  0.34422357E+01 -0.13284535E+00
  0.34506200E+01 -0.17665243E+00
  0.34590043E+01 -0.22210476E+00
  0.34673886E+01 -0.26892568E+00
  0.34757728E+01 -0.31684928E+00
  0.34841571E+01 -0.36562850E+00
  0.34925414E+01 -0.41504198E+00
  0.35009257E+01 -0.46489941E+00
  0.35093100E+01 -0.51504501E+00
  0.35176943E+01 -0.56535913E+00
  0.35260786E+01 -0.61575791E+00
  0.35344629E+01 -0.66619115E+00
  0.35428471E+01 -0.71663861E+00
  0.35512314E+01 -0.76710504E+00
  0.35596157E+01 -0.81761436E+00
  0.35680000E+01 -0.86820323E+00
  0.35763843E+01 -0.91891458E+00
  0.35847686E+01 -0.96979144E+00
  0.35931529E+01 -0.10208713E+01
  0.36015372E+01 -0.10721813E+01
  0.36099214E+01 -0.11237348E+01
  0.36183057E+01 -0.11755292E+01
  0.36266900E+01 -0.12275447E+01
  0.36350743E+01 -0.12797445E+01
  0.36434586E+01 -0.13320769E+01
  0.36518429E+01 -0.13844772E+01
  0.36602272E+01 -0.14368713E+01
  0.36686115E+01 -0.14891794E+01
  0.36769957E+01 -0.15413198E+01
  0.36853800E+01 -0.15932129E+01
  0.36937643E+01 -0.16447847E+01
  0.37021486E+01 -0.16959696E+01
  0.37105329E+01 -0.17467123E+01
  0.37189172E+01 -0.17969696E+01
  0.37273015E+01 -0.18467101E+01
  0.37356858E+01 -0.18959145E+01
  0.37440701E+01 -0.19445738E+01
  0.37524543E+01 -0.19926878E+01
  0.37608386E+01 -0.20402629E+01
  0.37692229E+01 -0.20873094E+01
  0.37776072E+01 -0.21338391E+01
  0.37859915E+01 -0.21798628E+01
  0.37943758E+01 -0.22253882E+01
  0.38027601E+01 -0.22704183E+01
  0.38111444E+01 -0.23149496E+01
  0.38195286E+01 -0.23589721E+01
  0.38279129E+01 -0.24024686E+01
  0.38362972E+01 -0.24454152E+01
  0.38446815E+01 -0.24877824E+01
  0.38530658E+01 -0.25295361E+01
  0.38614501E+01 -0.25706390E+01
  0.38698344E+01 -0.26110523E+01
  0.38782187E+01 -0.26507375E+01
  0.38866029E+01 -0.26896571E+01
  0.38949872E+01 -0.27277766E+01
  0.39033715E+01 -0.27650644E+01
  0.39117558E+01 -0.28014928E+01
  0.39201401E+01 -0.28370375E+01
  0.39285244E+01 -0.28716777E+01
  0.39369087E+01 -0.29053946E+01
  0.39452930E+01 -0.29381714E+01
  0.39536772E+01 -0.29699915E+01
  0.39620615E+01 -0.30008380E+01
  0.39704458E+01 -0.30306926E+01
  0.39788301E+01 -0.30595350E+01
  0.39872144E+01 -0.30873423E+01
  0.39955987E+01 -0.31140891E+01
  0.40039830E+01 -0.31397475E+01
  0.40123673E+01 -0.31642874E+01
  0.40207516E+01 -0.31876775E+01
  0.40291358E+01 -0.32098856E+01
  0.40375201E+01 -0.32308798E+01
  0.40459044E+01 -0.32506293E+01
  0.40542887E+01 -0.32691055E+01
  0.40626730E+01 -0.32862825E+01
  0.40710573E+01 -0.33021377E+01
  0.40794416E+01 -0.33166523E+01
  0.40878259E+01 -0.33298112E+01
  0.40962101E+01 -0.33416032E+01
  0.41045944E+01 -0.33520203E+01
  0.41129787E+01 -0.33610572E+01
  0.41213630E+01 -0.33687109E+01
  0.41297473E+01 -0.33749795E+01
  0.41381316E+01 -0.33798619E+01
  0.41465159E+01 -0.33833569E+01
  0.41549002E+01 -0.33854629E+01
  0.41632844E+01 -0.33861776E+01
  
  0.00000000E+00  0.26085577E+01
  0.83842878E-02  0.26049662E+01
  0.16768576E-01  0.25943861E+01
  0.25152864E-01  0.25768854E+01
  0.33537151E-01  0.25526749E+01
  0.41921439E-01  0.25221081E+01
  0.50305727E-01  0.24856723E+01
  0.58690015E-01  0.24439686E+01
  0.67074303E-01  0.23976831E+01
  0.75458591E-01  0.23475488E+01
  0.83842878E-01  0.22943038E+01
  0.92227166E-01  0.22386457E+01
  0.10061145E+00  0.21811908E+01
  0.10899574E+00  0.21224385E+01
  0.11738003E+00  0.20627484E+01
  0.12576432E+00  0.20023295E+01
  0.13414861E+00  0.19412457E+01
  0.14253289E+00  0.18794340E+01
  0.15091718E+00  0.18167353E+01
  0.15930147E+00  0.17529321E+01
  0.16768576E+00  0.16877898E+01
  0.17607004E+00  0.16210965E+01
  0.18445433E+00  0.15526975E+01
  0.19283862E+00  0.14825216E+01
  0.20122291E+00  0.14105968E+01
  0.20960720E+00  0.13370566E+01
  0.21799148E+00  0.12621350E+01
  0.22637577E+00  0.11861535E+01
  0.23476006E+00  0.11095012E+01
  0.24314435E+00  0.10326104E+01
  0.25152864E+00  0.95593027E+00
  0.25991292E+00  0.87990101E+00
  0.26829721E+00  0.80493518E+00
  0.27668150E+00  0.75676503E+00
  0.28506579E+00  0.79540405E+00
  0.29345007E+00  0.83326323E+00
  0.30183436E+00  0.86883918E+00
  0.31021865E+00  0.90057972E+00
  0.31860294E+00  0.92686409E+00
  0.32698723E+00  0.94604126E+00
  0.33537151E+00  0.95647169E+00
  0.34375580E+00  0.95656973E+00
  0.35214009E+00  0.94484495E+00
  0.36052438E+00  0.91994118E+00
  0.36890866E+00  0.88067189E+00
  0.37729295E+00  0.82605092E+00
  0.38567724E+00  0.75531749E+00
  0.39406153E+00  0.66795494E+00
  0.40244582E+00  0.56370263E+00
  0.41083010E+00  0.44256071E+00
  0.41921439E+00  0.30478790E+00
  0.42759868E+00  0.15089249E+00
  0.43598297E+00 -0.18382986E-01
  0.44436726E+00 -0.20208260E+00
  0.45275154E+00 -0.39906238E+00
  0.46113583E+00 -0.60801664E+00
  0.46952012E+00 -0.71245013E+00
  0.47790441E+00 -0.74060242E+00
  0.48628869E+00 -0.71756098E+00
  0.49467298E+00 -0.69492060E+00
  0.50305727E+00 -0.67266462E+00
  0.51144156E+00 -0.65077596E+00
  0.51982585E+00 -0.62924223E+00
  0.52821013E+00 -0.60805739E+00
  0.53659442E+00 -0.58722280E+00
  0.54497871E+00 -0.56674768E+00
  0.55336300E+00 -0.54664905E+00
  0.56174729E+00 -0.52695109E+00
  0.57013157E+00 -0.50768392E+00
  0.57851586E+00 -0.48888195E+00
  0.58690015E+00 -0.47058192E+00
  0.59528444E+00 -0.45282069E+00
  0.60366872E+00 -0.43563309E+00
  0.61205301E+00 -0.41904992E+00
  0.62043730E+00 -0.40309627E+00
  0.62882159E+00 -0.38779024E+00
  0.63720588E+00 -0.37314223E+00
  0.64559016E+00 -0.35915478E+00
  0.65397445E+00 -0.34582285E+00
  0.66235874E+00 -0.33313470E+00
  0.67074303E+00 -0.32107319E+00
  0.67912732E+00 -0.30961731E+00
  0.68751160E+00 -0.29874403E+00
  0.69589589E+00 -0.28843018E+00
  0.70428018E+00 -0.27865427E+00
  0.71266447E+00 -0.26939824E+00
  0.72104875E+00 -0.26064888E+00
  0.72943304E+00 -0.25239887E+00
  0.73781733E+00 -0.24464749E+00
  0.74620162E+00 -0.23740074E+00
  0.75458591E+00 -0.23067106E+00
  0.76297019E+00 -0.22447660E+00
  0.77135448E+00 -0.21884003E+00
  0.77973877E+00 -0.21378709E+00
  0.78812306E+00 -0.20934494E+00
  0.79650734E+00 -0.20554039E+00
  0.80489163E+00 -0.20239821E+00
  0.81327592E+00 -0.19993961E+00
  0.82166021E+00 -0.19818096E+00
  0.83004450E+00 -0.19713292E+00
  0.83845176E+00 -0.19679991E+00
  0.84685902E+00 -0.19521313E+00
  0.85526628E+00 -0.19043488E+00
  0.86367354E+00 -0.18250159E+00
  0.87208080E+00 -0.17147132E+00
  0.88048807E+00 -0.15742117E+00
  0.88889533E+00 -0.14044400E+00
  0.89730259E+00 -0.12064446E+00
  0.90570985E+00 -0.98134868E-01
  0.91411711E+00 -0.73030992E-01
  0.92252437E+00 -0.45448197E-01
  0.93093163E+00 -0.15498070E-01
  0.93933890E+00  0.16714182E-01
  0.94774616E+00  0.51091454E-01
  0.95615342E+00  0.87545495E-01
  0.96456068E+00  0.12599668E+00
  0.97296794E+00  0.16637287E+00
  0.98137520E+00  0.20860757E+00
  0.98978247E+00  0.25263745E+00
  0.99818973E+00  0.29839964E+00
  0.10065970E+01  0.34582898E+00
  0.10150043E+01  0.39485552E+00
  0.10234115E+01  0.44540261E+00
  0.10318188E+01  0.49738563E+00
  0.10402260E+01  0.55071179E+00
  0.10486333E+01  0.60528076E+00
  0.10570406E+01  0.66098642E+00
  0.10654478E+01  0.71771946E+00
  0.10738551E+01  0.77537073E+00
  0.10822623E+01  0.83383500E+00
  0.10906696E+01  0.89301496E+00
  0.10990769E+01  0.95282498E+00
  0.11074841E+01  0.10131943E+01
  0.11158914E+01  0.10740696E+01
  0.11242987E+01  0.11354159E+01
  0.11327059E+01  0.11972170E+01
  0.11411132E+01  0.12594736E+01
  0.11495204E+01  0.13222005E+01
  0.11579277E+01  0.13854228E+01
  0.11663350E+01  0.14491703E+01
  0.11747422E+01  0.15134722E+01
  0.11831495E+01  0.15783507E+01
  0.11915567E+01  0.16438156E+01
  0.11999640E+01  0.17098590E+01
  0.12083713E+01  0.17764516E+01
  0.12167785E+01  0.18435403E+01
  0.12251858E+01  0.19110480E+01
  0.12335931E+01  0.19788754E+01
  0.12420003E+01  0.20469043E+01
  0.12504076E+01  0.21150040E+01
  0.12588148E+01  0.21830381E+01
  0.12672221E+01  0.22508729E+01
  0.12756294E+01  0.23183868E+01
  0.12840366E+01  0.23854787E+01
  0.12924439E+01  0.24520762E+01
  0.13008511E+01  0.25181417E+01
  0.13092584E+01  0.25836770E+01
  0.13176657E+01  0.26487246E+01
  0.13260729E+01  0.27133661E+01
  0.13344802E+01  0.27777173E+01
  0.13428875E+01  0.28419203E+01
  0.13512947E+01  0.29061322E+01
  0.13597020E+01  0.29705116E+01
  0.13681092E+01  0.30352031E+01
  0.13765165E+01  0.31003206E+01
  0.13849238E+01  0.31659308E+01
  0.13933310E+01  0.32320365E+01
  0.14017383E+01  0.32985630E+01
  0.14101455E+01  0.33653465E+01
  0.14185528E+01  0.34321257E+01
  0.14269601E+01  0.34985391E+01
  0.14353673E+01  0.35641256E+01
  0.14437746E+01  0.36283308E+01
  0.14521819E+01  0.36905188E+01
  0.14605891E+01  0.37499877E+01
  0.14689964E+01  0.38059902E+01
  0.14774036E+01  0.38577567E+01
  0.14858109E+01  0.39045214E+01
  0.14942182E+01  0.39455490E+01
  0.15026254E+01  0.39801614E+01
  0.15110327E+01  0.40077631E+01
  0.15194399E+01  0.40278640E+01
  0.15278472E+01  0.40400979E+01
  0.15362381E+01  0.40442374E+01
  0.15446291E+01  0.40414172E+01
  0.15530200E+01  0.40346425E+01
  0.15614109E+01  0.40239892E+01
  0.15698019E+01  0.40095627E+01
  0.15781928E+01  0.39914931E+01
  0.15865837E+01  0.39699316E+01
  0.15949747E+01  0.39450457E+01
  0.16033656E+01  0.39170150E+01
  0.16117565E+01  0.38860274E+01
  0.16201475E+01  0.38522753E+01
  0.16285384E+01  0.38159535E+01
  0.16369294E+01  0.37772564E+01
  0.16453203E+01  0.37363772E+01
  0.16537112E+01  0.36935060E+01
  0.16621022E+01  0.36488296E+01
  0.16704931E+01  0.36025304E+01
  0.16788840E+01  0.35547854E+01
  0.16872750E+01  0.35057658E+01
  0.16956659E+01  0.34556352E+01
  0.17040568E+01  0.34045488E+01
  0.17124478E+01  0.33526522E+01
  0.17208387E+01  0.33000800E+01
  0.17292296E+01  0.32469551E+01
  0.17376206E+01  0.31933879E+01
  0.17460115E+01  0.31394757E+01
  0.17544024E+01  0.30853021E+01
  0.17627934E+01  0.30309373E+01
  0.17711843E+01  0.29764372E+01
  0.17795752E+01  0.29218438E+01
  0.17879662E+01  0.28671846E+01
  0.17963571E+01  0.28124727E+01
  0.18047480E+01  0.27577072E+01
  0.18131390E+01  0.27028731E+01
  0.18215299E+01  0.26479430E+01
  0.18299208E+01  0.25928781E+01
  0.18383118E+01  0.25376314E+01
  0.18467027E+01  0.24821509E+01
  0.18550936E+01  0.24263839E+01
  0.18634846E+01  0.23702824E+01
  0.18718755E+01  0.23138083E+01
  0.18802664E+01  0.22569386E+01
  0.18886574E+01  0.21996701E+01
  0.18970483E+01  0.21420229E+01
  0.19054392E+01  0.20840415E+01
  0.19138302E+01  0.20257952E+01
  0.19222211E+01  0.19673747E+01
  0.19306121E+01  0.19088883E+01
  0.19390030E+01  0.18504556E+01
  0.19473939E+01  0.17922002E+01
  0.19557849E+01  0.17342428E+01
  0.19641758E+01  0.16766941E+01
  0.19725667E+01  0.16196491E+01
  0.19809577E+01  0.15631829E+01
  0.19893486E+01  0.15073489E+01
  0.19977395E+01  0.14521793E+01
  0.20061305E+01  0.13976872E+01
  0.20145214E+01  0.13438723E+01
  0.20229123E+01  0.12907265E+01
  0.20313033E+01  0.12382426E+01
  0.20396942E+01  0.11864226E+01
  0.20480851E+01  0.11352865E+01
  0.20564761E+01  0.10848812E+01
  0.20648670E+01  0.10352868E+01
  0.20732579E+01  0.98662272E+00
  0.20816489E+01  0.93905032E+00
  0.20900398E+01  0.89277373E+00
  0.20984307E+01  0.84803801E+00
  0.21068217E+01  0.80512521E+00
  0.21152126E+01  0.76434866E+00
  0.21236035E+01  0.72604590E+00
  0.21319945E+01  0.69057080E+00
  0.21403854E+01  0.65828485E+00
  0.21487763E+01  0.62954765E+00
  0.21571673E+01  0.60470631E+00
  0.21655582E+01  0.58408357E+00
  0.21739491E+01  0.56796465E+00
  0.21823401E+01  0.55658360E+00
  0.21907310E+01  0.55011058E+00
  0.21991219E+01  0.54864255E+00
  0.22075129E+01  0.55220088E+00
  0.22159038E+01  0.56074553E+00
  0.22242948E+01  0.57430085E+00
  0.22326857E+01  0.61440777E+00
  0.22410766E+01  0.69749962E+00
  0.22494676E+01  0.76311718E+00
  0.22578585E+01  0.81115470E+00
  0.22662494E+01  0.84254317E+00
  0.22746404E+01  0.85862707E+00
  0.22830313E+01  0.86109604E+00
  0.22914222E+01  0.85194704E+00
  0.22998132E+01  0.87273065E+00
  0.23082041E+01  0.92158804E+00
  0.23165950E+01  0.97278992E+00
  0.23249860E+01  0.10260886E+01
  0.23333769E+01  0.10812425E+01
  0.23417678E+01  0.11380067E+01
  0.23501588E+01  0.11961386E+01
  0.23585497E+01  0.12554039E+01
  0.23669406E+01  0.13155835E+01
  0.23753316E+01  0.13764778E+01
  0.23837225E+01  0.14379080E+01
  0.23921134E+01  0.14997128E+01
  0.24005044E+01  0.15617418E+01
  0.24088953E+01  0.16238446E+01
  0.24172862E+01  0.16858587E+01
  0.24256772E+01  0.17475975E+01
  0.24340681E+01  0.18088409E+01
  0.24424590E+01  0.18693307E+01
  0.24508500E+01  0.19287717E+01
  0.24592409E+01  0.19868391E+01
  0.24676318E+01  0.20431924E+01
  0.24760228E+01  0.20974926E+01
  0.24844137E+01  0.21494226E+01
  0.24928046E+01  0.21987084E+01
  0.25011956E+01  0.22451370E+01
  0.25095865E+01  0.22885702E+01
  0.25179775E+01  0.23289520E+01
  0.25263684E+01  0.23663067E+01
  0.25347593E+01  0.24007277E+01
  0.25431503E+01  0.24323576E+01
  0.25515412E+01  0.24613609E+01
  0.25599321E+01  0.24878925E+01
  0.25683231E+01  0.25120661E+01
  0.25767140E+01  0.25339279E+01
  0.25851049E+01  0.25534385E+01
  0.25934959E+01  0.25704668E+01
  0.26018868E+01  0.25847960E+01
  0.26102777E+01  0.25961411E+01
  0.26186687E+01  0.26041749E+01
  0.26270759E+01  0.26085577E+01
  0.26354832E+01  0.26051316E+01
  0.26438904E+01  0.26022149E+01
  0.26522977E+01  0.25997207E+01
  0.26607050E+01  0.25975325E+01
  0.26691122E+01  0.25955059E+01
  0.26775195E+01  0.25934770E+01
  0.26859268E+01  0.25912737E+01
  0.26943340E+01  0.25887303E+01
  0.27027413E+01  0.25857022E+01
  0.27111485E+01  0.25820794E+01
  0.27195558E+01  0.25777961E+01
  0.27279631E+01  0.25728358E+01
  0.27363703E+01  0.25672316E+01
  0.27447776E+01  0.25610616E+01
  0.27531848E+01  0.25544399E+01
  0.27615921E+01  0.25475049E+01
  0.27699994E+01  0.25404051E+01
  0.27784066E+01  0.25332852E+01
  0.27868139E+01  0.25262713E+01
  0.27952212E+01  0.25194588E+01
  0.28036284E+01  0.25129016E+01
  0.28120357E+01  0.25066053E+01
  0.28204429E+01  0.25005245E+01
  0.28288502E+01  0.24945634E+01
  0.28372575E+01  0.24885824E+01
  0.28456647E+01  0.24824076E+01
  0.28540720E+01  0.24758443E+01
  0.28624792E+01  0.24686924E+01
  0.28708865E+01  0.24607625E+01
  0.28792938E+01  0.24518914E+01
  0.28877010E+01  0.24419554E+01
  0.28961083E+01  0.24308815E+01
  0.29045156E+01  0.24186540E+01
  0.29129228E+01  0.24053180E+01
  0.29213301E+01  0.23909787E+01
  0.29297373E+01  0.23757957E+01
  0.29381446E+01  0.23599733E+01
  0.29465519E+01  0.23437443E+01
  0.29549591E+01  0.23273498E+01
  0.29633664E+01  0.23110144E+01
  0.29717736E+01  0.22949194E+01
  0.29801809E+01  0.22791779E+01
  0.29885882E+01  0.22638164E+01
  0.29969954E+01  0.22487658E+01
  0.30054027E+01  0.22338643E+01
  0.30138100E+01  0.22188726E+01
  0.30222172E+01  0.22034980E+01
  0.30306245E+01  0.21874236E+01
  0.30390317E+01  0.21703389E+01
  0.30474390E+01  0.21519675E+01
  0.30558463E+01  0.21320887E+01
  0.30642535E+01  0.21105526E+01
  0.30726608E+01  0.20872870E+01
  0.30810680E+01  0.20622968E+01
  0.30894753E+01  0.20356563E+01
  0.30978826E+01  0.20074977E+01
  0.31062898E+01  0.19779936E+01
  0.31146971E+01  0.19473396E+01
  0.31231044E+01  0.19157358E+01
  0.31315116E+01  0.18833697E+01
  0.31399189E+01  0.18504018E+01
  0.31483261E+01  0.18169559E+01
  0.31567334E+01  0.17831119E+01
  0.31651407E+01  0.17489044E+01
  0.31735479E+01  0.17143252E+01
  0.31819552E+01  0.16793288E+01
  0.31903624E+01  0.16438433E+01
  0.31987697E+01  0.16077829E+01
  0.32071770E+01  0.15710648E+01
  0.32155842E+01  0.15336286E+01
  0.32239915E+01  0.14954582E+01
  0.32323988E+01  0.14566070E+01
  0.32408060E+01  0.14172238E+01
  0.32492133E+01  0.13775800E+01
  0.32576205E+01  0.13380957E+01
  0.32660278E+01  0.12993636E+01
  0.32744351E+01  0.12621660E+01
  0.32828423E+01  0.12274813E+01
  0.32912496E+01  0.11964694E+01
  0.32996568E+01  0.11704225E+01
  0.33080641E+01  0.11506650E+01
  0.33164714E+01  0.11383938E+01
  0.33248557E+01  0.11344782E+01
  0.33332399E+01  0.11367225E+01
  0.33416242E+01  0.11419622E+01
  0.33500085E+01  0.11501796E+01
  0.33583928E+01  0.11613302E+01
  0.33667771E+01  0.11753428E+01
  0.33751614E+01  0.11921203E+01
  0.33835457E+01  0.12115420E+01
  0.33919300E+01  0.12334660E+01
  0.34003143E+01  0.12577333E+01
  0.34086985E+01  0.12841716E+01
  0.34170828E+01  0.13126001E+01
  0.34254671E+01  0.13428338E+01
  0.34338514E+01  0.13746882E+01
  0.34422357E+01  0.14079834E+01
  0.34506200E+01  0.14425475E+01
  0.34590043E+01  0.14782201E+01
  0.34673886E+01  0.15148547E+01
  0.34757728E+01  0.15523197E+01
  0.34841571E+01  0.15905002E+01
  0.34925414E+01  0.16292977E+01
  0.35009257E+01  0.16686294E+01
  0.35093100E+01  0.17084276E+01
  0.35176943E+01  0.17486379E+01
  0.35260786E+01  0.17892172E+01
  0.35344629E+01  0.18301315E+01
  0.35428471E+01  0.18713538E+01
  0.35512314E+01  0.19128619E+01
  0.35596157E+01  0.19546362E+01
  0.35680000E+01  0.19966580E+01
  0.35763843E+01  0.20389082E+01
  0.35847686E+01  0.20813657E+01
  0.35931529E+01  0.21240072E+01
  0.36015372E+01  0.21668066E+01
  0.36099214E+01  0.22097350E+01
  0.36183057E+01  0.22527610E+01
  0.36266900E+01  0.22958512E+01
  0.36350743E+01  0.23389710E+01
  0.36434586E+01  0.23820850E+01
  0.36518429E+01  0.24251583E+01
  0.36602272E+01  0.24681567E+01
  0.36686115E+01  0.25110477E+01
  0.36769957E+01  0.25538008E+01
  0.36853800E+01  0.25963876E+01
  0.36937643E+01  0.26387819E+01
  0.37021486E+01  0.26809598E+01
  0.37105329E+01  0.27228990E+01
  0.37189172E+01  0.27645783E+01
  0.37273015E+01  0.28059771E+01
  0.37356858E+01  0.28470749E+01
  0.37440701E+01  0.28878500E+01
  0.37524543E+01  0.29282796E+01
  0.37608386E+01  0.29683387E+01
  0.37692229E+01  0.30080005E+01
  0.37776072E+01  0.30472357E+01
  0.37859915E+01  0.30860128E+01
  0.37943758E+01  0.31242989E+01
  0.38027601E+01  0.31620598E+01
  0.38111444E+01  0.31992611E+01
  0.38195286E+01  0.32358692E+01
  0.38279129E+01  0.32718517E+01
  0.38362972E+01  0.33071791E+01
  0.38446815E+01  0.33418246E+01
  0.38530658E+01  0.33757654E+01
  0.38614501E+01  0.34089825E+01
  0.38698344E+01  0.34414604E+01
  0.38782187E+01  0.34731873E+01
  0.38866029E+01  0.35041533E+01
  0.38949872E+01  0.35343504E+01
  0.39033715E+01  0.35637709E+01
  0.39117558E+01  0.35924064E+01
  0.39201401E+01  0.36202470E+01
  0.39285244E+01  0.36472805E+01
  0.39369087E+01  0.36734924E+01
  0.39452930E+01  0.36988662E+01
  0.39536772E+01  0.37233837E+01
  0.39620615E+01  0.37470262E+01
  0.39704458E+01  0.37697759E+01
  0.39788301E+01  0.37916170E+01
  0.39872144E+01  0.38125374E+01
  0.39955987E+01  0.38325292E+01
  0.40039830E+01  0.38515899E+01
  0.40123673E+01  0.38697224E+01
  0.40207516E+01  0.38869345E+01
  0.40291358E+01  0.39032383E+01
  0.40375201E+01  0.39186487E+01
  0.40459044E+01  0.39331819E+01
  0.40542887E+01  0.39468534E+01
  0.40626730E+01  0.39596761E+01
  0.40710573E+01  0.39716590E+01
  0.40794416E+01  0.39828049E+01
  0.40878259E+01  0.39931103E+01
  0.40962101E+01  0.40025640E+01
  0.41045944E+01  0.40111475E+01
  0.41129787E+01  0.40188355E+01
  0.41213630E+01  0.40255969E+01
  0.41297473E+01  0.40313963E+01
  0.41381316E+01  0.40361960E+01
  0.41465159E+01  0.40399585E+01
  0.41549002E+01  0.40426489E+01
  0.41632844E+01  0.40442374E+01
  
